0 -8 
1 1 
2 10 
3 19 
4 28 
5 37 
6 46 
7 55 
8 64 
9 73 
10 82 
11 91 
12 100 
13 109 
14 118 
15 127 
16 136 
17 145 
18 154 
19 163 
20 172 
21 181 
22 190 
23 199 
24 208 
25 217 
26 226 
27 235 
28 244 
29 253 
30 262 
31 271 
32 280 
33 289 
34 298 
35 307 
36 316 
37 325 
38 334 
39 343 
40 352 
41 361 
42 370 
43 379 
44 388 
45 397 
46 406 
47 415 
48 424 
49 433 
50 442 
51 451 
52 460 
53 469 
54 478 
55 487 
56 496 
57 505 
58 514 
59 523 
60 532 
61 541 
62 550 
63 559 
64 568 
65 577 
66 586 
67 595 
68 604 
69 613 
70 622 
71 631 
72 640 
73 649 
74 658 
75 667 
76 676 
77 685 
78 694 
79 703 
80 712 
81 721 
82 730 
83 739 
84 748 
85 757 
86 766 
87 775 
88 784 
89 793 
90 802 
91 811 
92 820 
93 829 
94 838 
95 847 
96 856 
97 865 
98 874 
99 883 
100 892 
101 901 
102 910 
103 919 
104 928 
105 937 
106 946 
107 955 
108 964 
109 973 
110 982 
111 991 
112 1000 
113 1009 
114 1018 
115 1027 
116 1036 
117 1045 
118 1054 
119 1063 
120 1072 
121 1081 
122 1090 
123 1099 
124 1108 
125 1117 
126 1126 
127 1135 
128 1144 
129 1153 
130 1162 
131 1171 
132 1180 
133 1189 
134 1198 
135 1207 
136 1216 
137 1225 
138 1234 
139 1243 
140 1252 
141 1261 
142 1270 
143 1279 
144 1288 
145 1297 
146 1306 
147 1315 
148 1324 
149 1333 
150 1342 
151 1351 
152 1360 
153 1369 
154 1378 
155 1387 
156 1396 
157 1405 
158 1414 
159 1423 
160 1432 
161 1441 
162 1450 
163 1459 
164 1468 
165 1477 
166 1486 
167 1495 
168 1504 
169 1513 
170 1522 
171 1531 
172 1540 
173 1549 
174 1558 
175 1567 
176 1576 
177 1585 
178 1594 
179 1603 
180 1612 
181 1621 
182 1630 
183 1639 
184 1648 
185 1657 
186 1666 
187 1675 
188 1684 
189 1693 
190 1702 
191 1711 
192 1720 
193 1729 
194 1738 
195 1747 
196 1756 
197 1765 
198 1774 
199 1783 
200 1792 
201 1801 
202 1810 
203 1819 
204 1828 
205 1837 
206 1846 
207 1855 
208 1864 
209 1873 
210 1882 
211 1891 
212 1900 
213 1909 
214 1918 
215 1927 
216 1936 
217 1945 
218 1954 
219 1963 
220 1972 
221 1981 
222 1990 
223 1999 
224 2008 
225 2017 
226 2026 
227 2035 
228 2044 
229 2053 
230 2062 
231 2071 
232 2080 
233 2089 
234 2098 
235 2107 
236 2116 
237 2125 
238 2134 
239 2143 
240 2152 
241 2161 
242 2170 
243 2179 
244 2188 
245 2197 
246 2206 
247 2215 
248 2224 
249 2233 
250 2242 
251 2251 
252 2260 
253 2269 
254 2278 
255 2287 
256 2296 
257 2305 
258 2314 
259 2323 
260 2332 
261 2341 
262 2350 
263 2359 
264 2368 
265 2377 
266 2386 
267 2395 
268 2404 
269 2413 
270 2422 
271 2431 
272 2440 
273 2449 
274 2458 
275 2467 
276 2476 
277 2485 
278 2494 
279 2503 
280 2512 
281 2521 
282 2530 
283 2539 
284 2548 
285 2557 
286 2566 
287 2575 
288 2584 
289 2593 
290 2602 
291 2611 
292 2620 
293 2629 
294 2638 
295 2647 
296 2656 
297 2665 
298 2674 
299 2683 
300 2692 
301 2701 
302 2710 
303 2719 
304 2728 
305 2737 
306 2746 
307 2755 
308 2764 
309 2773 
310 2782 
311 2791 
312 2800 
313 2809 
314 2818 
315 2827 
316 2836 
317 2845 
318 2854 
319 2863 
320 2872 
321 2881 
322 2890 
323 2899 
324 2908 
325 2917 
326 2926 
327 2935 
328 2944 
329 2953 
330 2962 
331 2971 
332 2980 
333 2989 
334 2998 
335 3007 
336 3016 
337 3025 
338 3034 
339 3043 
340 3052 
341 3061 
342 3070 
343 3079 
344 3088 
345 3097 
346 3106 
347 3115 
348 3124 
349 3133 
350 3142 
351 3151 
352 3160 
353 3169 
354 3178 
355 3187 
356 3196 
357 3205 
358 3214 
359 3223 
360 3232 
361 3241 
362 3250 
363 3259 
364 3268 
365 3277 
366 3286 
367 3295 
368 3304 
369 3313 
370 3322 
371 3331 
372 3340 
373 3349 
374 3358 
375 3367 
376 3376 
377 3385 
378 3394 
379 3403 
380 3412 
381 3421 
382 3430 
383 3439 
384 3448 
385 3457 
386 3466 
387 3475 
388 3484 
389 3493 
390 3502 
391 3511 
392 3520 
393 3529 
394 3538 
395 3547 
396 3556 
397 3565 
398 3574 
399 3583 
400 3592 
401 3601 
402 3610 
403 3619 
404 3628 
405 3637 
406 3646 
407 3655 
408 3664 
409 3673 
410 3682 
411 3691 
412 3700 
413 3709 
414 3718 
415 3727 
416 3736 
417 3745 
418 3754 
419 3763 
420 3772 
421 3781 
422 3790 
423 3799 
424 3808 
425 3817 
426 3826 
427 3835 
428 3844 
429 3853 
430 3862 
431 3871 
432 3880 
433 3889 
434 3898 
435 3907 
436 3916 
437 3925 
438 3934 
439 3943 
440 3952 
441 3961 
442 3970 
443 3979 
444 3988 
445 3997 
446 4006 
447 4015 
448 4024 
449 4033 
450 4042 
451 4051 
452 4060 
453 4069 
454 4078 
455 4087 
456 4096 
457 4105 
458 4114 
459 4123 
460 4132 
461 4141 
462 4150 
463 4159 
464 4168 
465 4177 
466 4186 
467 4195 
468 4204 
469 4213 
470 4222 
471 4231 
472 4240 
473 4249 
474 4258 
475 4267 
476 4276 
477 4285 
478 4294 
479 4303 
480 4312 
481 4321 
482 4330 
483 4339 
484 4348 
485 4357 
486 4366 
487 4375 
488 4384 
489 4393 
490 4402 
491 4411 
492 4420 
493 4429 
494 4438 
495 4447 
496 4456 
497 4465 
498 4474 
499 4483 
500 4492 
501 4501 
502 4510 
503 4519 
504 4528 
505 4537 
506 4546 
507 4555 
508 4564 
509 4573 
510 4582 
511 4591 
512 4600 
513 4609 
514 4618 
515 4627 
516 4636 
517 4645 
518 4654 
519 4663 
520 4672 
521 4681 
522 4690 
523 4699 
524 4708 
525 4717 
526 4726 
527 4735 
528 4744 
529 4753 
530 4762 
531 4771 
532 4780 
533 4789 
534 4798 
535 4807 
536 4816 
537 4825 
538 4834 
539 4843 
540 4852 
541 4861 
542 4870 
543 4879 
544 4888 
545 4897 
546 4906 
547 4915 
548 4924 
549 4933 
550 4942 
551 4951 
552 4960 
553 4969 
554 4978 
555 4987 
556 4996 
557 5005 
558 5014 
559 5023 
560 5032 
561 5041 
562 5050 
563 5059 
564 5068 
565 5077 
566 5086 
567 5095 
568 5104 
569 5113 
570 5122 
571 5131 
572 5140 
573 5149 
574 5158 
575 5167 
576 5176 
577 5185 
578 5194 
579 5203 
580 5212 
581 5221 
582 5230 
583 5239 
584 5248 
585 5257 
586 5266 
587 5275 
588 5284 
589 5293 
590 5302 
591 5311 
592 5320 
593 5329 
594 5338 
595 5347 
596 5356 
597 5365 
598 5374 
599 5383 
600 5392 
601 5401 
602 5410 
603 5419 
604 5428 
605 5437 
606 5446 
607 5455 
608 5464 
609 5473 
610 5482 
611 5491 
612 5500 
613 5509 
614 5518 
615 5527 
616 5536 
617 5545 
618 5554 
619 5563 
620 5572 
621 5581 
622 5590 
623 5599 
624 5608 
625 5617 
626 5626 
627 5635 
628 5644 
629 5653 
630 5662 
631 5671 
632 5680 
633 5689 
634 5698 
635 5707 
636 5716 
637 5725 
638 5734 
639 5743 
640 5752 
641 5761 
642 5770 
643 5779 
644 5788 
645 5797 
646 5806 
647 5815 
648 5824 
649 5833 
650 5842 
651 5851 
652 5860 
653 5869 
654 5878 
655 5887 
656 5896 
657 5905 
658 5914 
659 5923 
660 5932 
661 5941 
662 5950 
663 5959 
664 5968 
665 5977 
666 5986 
667 5995 
668 6004 
669 6013 
670 6022 
671 6031 
672 6040 
673 6049 
674 6058 
675 6067 
676 6076 
677 6085 
678 6094 
679 6103 
680 6112 
681 6121 
682 6130 
683 6139 
684 6148 
685 6157 
686 6166 
687 6175 
688 6184 
689 6193 
690 6202 
691 6211 
692 6220 
693 6229 
694 6238 
695 6247 
696 6256 
697 6265 
698 6274 
699 6283 
700 6292 
701 6301 
702 6310 
703 6319 
704 6328 
705 6337 
706 6346 
707 6355 
708 6364 
709 6373 
710 6382 
711 6391 
712 6400 
713 6409 
714 6418 
715 6427 
716 6436 
717 6445 
718 6454 
719 6463 
720 6472 
721 6481 
722 6490 
723 6499 
724 6508 
725 6517 
726 6526 
727 6535 
728 6544 
729 6553 
730 6562 
731 6571 
732 6580 
733 6589 
734 6598 
735 6607 
736 6616 
737 6625 
738 6634 
739 6643 
740 6652 
741 6661 
742 6670 
743 6679 
744 6688 
745 6697 
746 6706 
747 6715 
748 6724 
749 6733 
750 6742 
751 6751 
752 6760 
753 6769 
754 6778 
755 6787 
756 6796 
757 6805 
758 6814 
759 6823 
760 6832 
761 6841 
762 6850 
763 6859 
764 6868 
765 6877 
766 6886 
767 6895 
768 6904 
769 6913 
770 6922 
771 6931 
772 6940 
773 6949 
774 6958 
775 6967 
776 6976 
777 6985 
778 6994 
779 7003 
780 7012 
781 7021 
782 7030 
783 7039 
784 7048 
785 7057 
786 7066 
787 7075 
788 7084 
789 7093 
790 7102 
791 7111 
792 7120 
793 7129 
794 7138 
795 7147 
796 7156 
797 7165 
798 7174 
799 7183 
800 7192 
801 7201 
802 7210 
803 7219 
804 7228 
805 7237 
806 7246 
807 7255 
808 7264 
809 7273 
810 7282 
811 7291 
812 7300 
813 7309 
814 7318 
815 7327 
816 7336 
817 7345 
818 7354 
819 7363 
820 7372 
821 7381 
822 7390 
823 7399 
824 7408 
825 7417 
826 7426 
827 7435 
828 7444 
829 7453 
830 7462 
831 7471 
832 7480 
833 7489 
834 7498 
835 7507 
836 7516 
837 7525 
838 7534 
839 7543 
840 7552 
841 7561 
842 7570 
843 7579 
844 7588 
845 7597 
846 7606 
847 7615 
848 7624 
849 7633 
850 7642 
851 7651 
852 7660 
853 7669 
854 7678 
855 7687 
856 7696 
857 7705 
858 7714 
859 7723 
860 7732 
861 7741 
862 7750 
863 7759 
864 7768 
865 7777 
866 7786 
867 7795 
868 7804 
869 7813 
870 7822 
871 7831 
872 7840 
873 7849 
874 7858 
875 7867 
876 7876 
877 7885 
878 7894 
879 7903 
880 7912 
881 7921 
882 7930 
883 7939 
884 7948 
885 7957 
886 7966 
887 7975 
888 7984 
889 7993 
890 8002 
891 8011 
892 8020 
893 8029 
894 8038 
895 8047 
896 8056 
897 8065 
898 8074 
899 8083 
900 8092 
901 8101 
902 8110 
903 8119 
904 8128 
905 8137 
906 8146 
907 8155 
908 8164 
909 8173 
910 8182 
911 8191 
912 8200 
913 8209 
914 8218 
915 8227 
916 8236 
917 8245 
918 8254 
919 8263 
920 8272 
921 8281 
922 8290 
923 8299 
924 8308 
925 8317 
926 8326 
927 8335 
928 8344 
929 8353 
930 8362 
931 8371 
932 8380 
933 8389 
934 8398 
935 8407 
936 8416 
937 8425 
938 8434 
939 8443 
940 8452 
941 8461 
942 8470 
943 8479 
944 8488 
945 8497 
946 8506 
947 8515 
948 8524 
949 8533 
950 8542 
951 8551 
952 8560 
953 8569 
954 8578 
955 8587 
956 8596 
957 8605 
958 8614 
959 8623 
960 8632 
961 8641 
962 8650 
963 8659 
964 8668 
965 8677 
966 8686 
967 8695 
968 8704 
969 8713 
970 8722 
971 8731 
972 8740 
973 8749 
974 8758 
975 8767 
976 8776 
977 8785 
978 8794 
979 8803 
980 8812 
981 8821 
982 8830 
983 8839 
984 8848 
985 8857 
986 8866 
987 8875 
988 8884 
989 8893 
990 8902 
991 8911 
992 8920 
993 8929 
994 8938 
995 8947 
996 8956 
997 8965 
998 8974 
999 8983 
1000 8992 
1001 9001 
1002 9010 
1003 9019 
1004 9028 
1005 9037 
1006 9046 
1007 9055 
1008 9064 
1009 9073 
1010 9082 
1011 9091 
1012 9100 
1013 9109 
1014 9118 
1015 9127 
1016 9136 
1017 9145 
1018 9154 
1019 9163 
1020 9172 
1021 9181 
1022 9190 
1023 9199 
1024 9208 
1025 9217 
1026 9226 
1027 9235 
1028 9244 
1029 9253 
1030 9262 
1031 9271 
1032 9280 
1033 9289 
1034 9298 
1035 9307 
1036 9316 
1037 9325 
1038 9334 
1039 9343 
1040 9352 
1041 9361 
1042 9370 
1043 9379 
1044 9388 
1045 9397 
1046 9406 
1047 9415 
1048 9424 
1049 9433 
1050 9442 
1051 9451 
1052 9460 
1053 9469 
1054 9478 
1055 9487 
1056 9496 
1057 9505 
1058 9514 
1059 9523 
1060 9532 
1061 9541 
1062 9550 
1063 9559 
1064 9568 
1065 9577 
1066 9586 
1067 9595 
1068 9604 
1069 9613 
1070 9622 
1071 9631 
1072 9640 
1073 9649 
1074 9658 
1075 9667 
1076 9676 
1077 9685 
1078 9694 
1079 9703 
1080 9712 
1081 9721 
1082 9730 
1083 9739 
1084 9748 
1085 9757 
1086 9766 
1087 9775 
1088 9784 
1089 9793 
1090 9802 
1091 9811 
1092 9820 
1093 9829 
1094 9838 
1095 9847 
1096 9856 
1097 9865 
1098 9874 
1099 9883 
1100 9892 
1101 9901 
1102 9910 
1103 9919 
1104 9928 
1105 9937 
1106 9946 
1107 9955 
1108 9964 
1109 9973 
1110 9982 
1111 9991 
1112 10000 
1113 10009 
1114 10018 
1115 10027 
1116 10036 
1117 10045 
1118 10054 
1119 10063 
1120 10072 
1121 10081 
1122 10090 
1123 10099 
1124 10108 
1125 10117 
1126 10126 
1127 10135 
1128 10144 
1129 10153 
1130 10162 
1131 10171 
1132 10180 
1133 10189 
1134 10198 
1135 10207 
1136 10216 
1137 10225 
1138 10234 
1139 10243 
1140 10252 
1141 10261 
1142 10270 
1143 10279 
1144 10288 
1145 10297 
1146 10306 
1147 10315 
1148 10324 
1149 10333 
1150 10342 
1151 10351 
1152 10360 
1153 10369 
1154 10378 
1155 10387 
1156 10396 
1157 10405 
1158 10414 
1159 10423 
1160 10432 
1161 10441 
1162 10450 
1163 10459 
1164 10468 
1165 10477 
1166 10486 
1167 10495 
1168 10504 
1169 10513 
1170 10522 
1171 10531 
1172 10540 
1173 10549 
1174 10558 
1175 10567 
1176 10576 
1177 10585 
1178 10594 
1179 10603 
1180 10612 
1181 10621 
1182 10630 
1183 10639 
1184 10648 
1185 10657 
1186 10666 
1187 10675 
1188 10684 
1189 10693 
1190 10702 
1191 10711 
1192 10720 
1193 10729 
1194 10738 
1195 10747 
1196 10756 
1197 10765 
1198 10774 
1199 10783 
1200 10792 
1201 10801 
1202 10810 
1203 10819 
1204 10828 
1205 10837 
1206 10846 
1207 10855 
1208 10864 
1209 10873 
1210 10882 
1211 10891 
1212 10900 
1213 10909 
1214 10918 
1215 10927 
1216 10936 
1217 10945 
1218 10954 
1219 10963 
1220 10972 
1221 10981 
1222 10990 
1223 10999 
1224 11008 
1225 11017 
1226 11026 
1227 11035 
1228 11044 
1229 11053 
1230 11062 
1231 11071 
1232 11080 
1233 11089 
1234 11098 
1235 11107 
1236 11116 
1237 11125 
1238 11134 
1239 11143 
1240 11152 
1241 11161 
1242 11170 
1243 11179 
1244 11188 
1245 11197 
1246 11206 
1247 11215 
1248 11224 
1249 11233 
1250 11242 
1251 11251 
1252 11260 
1253 11269 
1254 11278 
1255 11287 
1256 11296 
1257 11305 
1258 11314 
1259 11323 
1260 11332 
1261 11341 
1262 11350 
1263 11359 
1264 11368 
1265 11377 
1266 11386 
1267 11395 
1268 11404 
1269 11413 
1270 11422 
1271 11431 
1272 11440 
1273 11449 
1274 11458 
1275 11467 
1276 11476 
1277 11485 
1278 11494 
1279 11503 
1280 11512 
1281 11521 
1282 11530 
1283 11539 
1284 11548 
1285 11557 
1286 11566 
1287 11575 
1288 11584 
1289 11593 
1290 11602 
1291 11611 
1292 11620 
1293 11629 
1294 11638 
1295 11647 
1296 11656 
1297 11665 
1298 11674 
1299 11683 
1300 11692 
1301 11701 
1302 11710 
1303 11719 
1304 11728 
1305 11737 
1306 11746 
1307 11755 
1308 11764 
1309 11773 
1310 11782 
1311 11791 
1312 11800 
1313 11809 
1314 11818 
1315 11827 
1316 11836 
1317 11845 
1318 11854 
1319 11863 
1320 11872 
1321 11881 
1322 11890 
1323 11899 
1324 11908 
1325 11917 
1326 11926 
1327 11935 
1328 11944 
1329 11953 
1330 11962 
1331 11971 
1332 11980 
1333 11989 
1334 11998 
1335 12007 
1336 12016 
1337 12025 
1338 12034 
1339 12043 
1340 12052 
1341 12061 
1342 12070 
1343 12079 
1344 12088 
1345 12097 
1346 12106 
1347 12115 
1348 12124 
1349 12133 
1350 12142 
1351 12151 
1352 12160 
1353 12169 
1354 12178 
1355 12187 
1356 12196 
1357 12205 
1358 12214 
1359 12223 
1360 12232 
1361 12241 
1362 12250 
1363 12259 
1364 12268 
1365 12277 
1366 12286 
1367 12295 
1368 12304 
1369 12313 
1370 12322 
1371 12331 
1372 12340 
1373 12349 
1374 12358 
1375 12367 
1376 12376 
1377 12385 
1378 12394 
1379 12403 
1380 12412 
1381 12421 
1382 12430 
1383 12439 
1384 12448 
1385 12457 
1386 12466 
1387 12475 
1388 12484 
1389 12493 
1390 12502 
1391 12511 
1392 12520 
1393 12529 
1394 12538 
1395 12547 
1396 12556 
1397 12565 
1398 12574 
1399 12583 
1400 12592 
1401 12601 
1402 12610 
1403 12619 
1404 12628 
1405 12637 
1406 12646 
1407 12655 
1408 12664 
1409 12673 
1410 12682 
1411 12691 
1412 12700 
1413 12709 
1414 12718 
1415 12727 
1416 12736 
1417 12745 
1418 12754 
1419 12763 
1420 12772 
1421 12781 
1422 12790 
1423 12799 
1424 12808 
1425 12817 
1426 12826 
1427 12835 
1428 12844 
1429 12853 
1430 12862 
1431 12871 
1432 12880 
1433 12889 
1434 12898 
1435 12907 
1436 12916 
1437 12925 
1438 12934 
1439 12943 
1440 12952 
1441 12961 
1442 12970 
1443 12979 
1444 12988 
1445 12997 
1446 13006 
1447 13015 
1448 13024 
1449 13033 
1450 13042 
1451 13051 
1452 13060 
1453 13069 
1454 13078 
1455 13087 
1456 13096 
1457 13105 
1458 13114 
1459 13123 
1460 13132 
1461 13141 
1462 13150 
1463 13159 
1464 13168 
1465 13177 
1466 13186 
1467 13195 
1468 13204 
1469 13213 
1470 13222 
1471 13231 
1472 13240 
1473 13249 
1474 13258 
1475 13267 
1476 13276 
1477 13285 
1478 13294 
1479 13303 
1480 13312 
1481 13321 
1482 13330 
1483 13339 
1484 13348 
1485 13357 
1486 13366 
1487 13375 
1488 13384 
1489 13393 
1490 13402 
1491 13411 
1492 13420 
1493 13429 
1494 13438 
1495 13447 
1496 13456 
1497 13465 
1498 13474 
1499 13483 
1500 13492 
1501 13501 
1502 13510 
1503 13519 
1504 13528 
1505 13537 
1506 13546 
1507 13555 
1508 13564 
1509 13573 
1510 13582 
1511 13591 
1512 13600 
1513 13609 
1514 13618 
1515 13627 
1516 13636 
1517 13645 
1518 13654 
1519 13663 
1520 13672 
1521 13681 
1522 13690 
1523 13699 
1524 13708 
1525 13717 
1526 13726 
1527 13735 
1528 13744 
1529 13753 
1530 13762 
1531 13771 
1532 13780 
1533 13789 
1534 13798 
1535 13807 
1536 13816 
1537 13825 
1538 13834 
1539 13843 
1540 13852 
1541 13861 
1542 13870 
1543 13879 
1544 13888 
1545 13897 
1546 13906 
1547 13915 
1548 13924 
1549 13933 
1550 13942 
1551 13951 
1552 13960 
1553 13969 
1554 13978 
1555 13987 
1556 13996 
1557 14005 
1558 14014 
1559 14023 
1560 14032 
1561 14041 
1562 14050 
1563 14059 
1564 14068 
1565 14077 
1566 14086 
1567 14095 
1568 14104 
1569 14113 
1570 14122 
1571 14131 
1572 14140 
1573 14149 
1574 14158 
1575 14167 
1576 14176 
1577 14185 
1578 14194 
1579 14203 
1580 14212 
1581 14221 
1582 14230 
1583 14239 
1584 14248 
1585 14257 
1586 14266 
1587 14275 
1588 14284 
1589 14293 
1590 14302 
1591 14311 
1592 14320 
1593 14329 
1594 14338 
1595 14347 
1596 14356 
1597 14365 
1598 14374 
1599 14383 
1600 14392 
1601 14401 
1602 14410 
1603 14419 
1604 14428 
1605 14437 
1606 14446 
1607 14455 
1608 14464 
1609 14473 
1610 14482 
1611 14491 
1612 14500 
1613 14509 
1614 14518 
1615 14527 
1616 14536 
1617 14545 
1618 14554 
1619 14563 
1620 14572 
1621 14581 
1622 14590 
1623 14599 
1624 14608 
1625 14617 
1626 14626 
1627 14635 
1628 14644 
1629 14653 
1630 14662 
1631 14671 
1632 14680 
1633 14689 
1634 14698 
1635 14707 
1636 14716 
1637 14725 
1638 14734 
1639 14743 
1640 14752 
1641 14761 
1642 14770 
1643 14779 
1644 14788 
1645 14797 
1646 14806 
1647 14815 
1648 14824 
1649 14833 
1650 14842 
1651 14851 
1652 14860 
1653 14869 
1654 14878 
1655 14887 
1656 14896 
1657 14905 
1658 14914 
1659 14923 
1660 14932 
1661 14941 
1662 14950 
1663 14959 
1664 14968 
1665 14977 
1666 14986 
1667 14995 
1668 15004 
1669 15013 
1670 15022 
1671 15031 
1672 15040 
1673 15049 
1674 15058 
1675 15067 
1676 15076 
1677 15085 
1678 15094 
1679 15103 
1680 15112 
1681 15121 
1682 15130 
1683 15139 
1684 15148 
1685 15157 
1686 15166 
1687 15175 
1688 15184 
1689 15193 
1690 15202 
1691 15211 
1692 15220 
1693 15229 
1694 15238 
1695 15247 
1696 15256 
1697 15265 
1698 15274 
1699 15283 
1700 15292 
1701 15301 
1702 15310 
1703 15319 
1704 15328 
1705 15337 
1706 15346 
1707 15355 
1708 15364 
1709 15373 
1710 15382 
1711 15391 
1712 15400 
1713 15409 
1714 15418 
1715 15427 
1716 15436 
1717 15445 
1718 15454 
1719 15463 
1720 15472 
1721 15481 
1722 15490 
1723 15499 
1724 15508 
1725 15517 
1726 15526 
1727 15535 
1728 15544 
1729 15553 
1730 15562 
1731 15571 
1732 15580 
1733 15589 
1734 15598 
1735 15607 
1736 15616 
1737 15625 
1738 15634 
1739 15643 
1740 15652 
1741 15661 
1742 15670 
1743 15679 
1744 15688 
1745 15697 
1746 15706 
1747 15715 
1748 15724 
1749 15733 
1750 15742 
1751 15751 
1752 15760 
1753 15769 
1754 15778 
1755 15787 
1756 15796 
1757 15805 
1758 15814 
1759 15823 
1760 15832 
1761 15841 
1762 15850 
1763 15859 
1764 15868 
1765 15877 
1766 15886 
1767 15895 
1768 15904 
1769 15913 
1770 15922 
1771 15931 
1772 15940 
1773 15949 
1774 15958 
1775 15967 
1776 15976 
1777 15985 
1778 15994 
1779 16003 
1780 16012 
1781 16021 
1782 16030 
1783 16039 
1784 16048 
1785 16057 
1786 16066 
1787 16075 
1788 16084 
1789 16093 
1790 16102 
1791 16111 
1792 16120 
1793 16129 
1794 16138 
1795 16147 
1796 16156 
1797 16165 
1798 16174 
1799 16183 
1800 16192 
1801 16201 
1802 16210 
1803 16219 
1804 16228 
1805 16237 
1806 16246 
1807 16255 
1808 16264 
1809 16273 
1810 16282 
1811 16291 
1812 16300 
1813 16309 
1814 16318 
1815 16327 
1816 16336 
1817 16345 
1818 16354 
1819 16363 
1820 16372 
1821 16381 
1822 16390 
1823 16399 
1824 16408 
1825 16417 
1826 16426 
1827 16435 
1828 16444 
1829 16453 
1830 16462 
1831 16471 
1832 16480 
1833 16489 
1834 16498 
1835 16507 
1836 16516 
1837 16525 
1838 16534 
1839 16543 
1840 16552 
1841 16561 
1842 16570 
1843 16579 
1844 16588 
1845 16597 
1846 16606 
1847 16615 
1848 16624 
1849 16633 
1850 16642 
1851 16651 
1852 16660 
1853 16669 
1854 16678 
1855 16687 
1856 16696 
1857 16705 
1858 16714 
1859 16723 
1860 16732 
1861 16741 
1862 16750 
1863 16759 
1864 16768 
1865 16777 
1866 16786 
1867 16795 
1868 16804 
1869 16813 
1870 16822 
1871 16831 
1872 16840 
1873 16849 
1874 16858 
1875 16867 
1876 16876 
1877 16885 
1878 16894 
1879 16903 
1880 16912 
1881 16921 
1882 16930 
1883 16939 
1884 16948 
1885 16957 
1886 16966 
1887 16975 
1888 16984 
1889 16993 
1890 17002 
1891 17011 
1892 17020 
1893 17029 
1894 17038 
1895 17047 
1896 17056 
1897 17065 
1898 17074 
1899 17083 
1900 17092 
1901 17101 
1902 17110 
1903 17119 
1904 17128 
1905 17137 
1906 17146 
1907 17155 
1908 17164 
1909 17173 
1910 17182 
1911 17191 
1912 17200 
1913 17209 
1914 17218 
1915 17227 
1916 17236 
1917 17245 
1918 17254 
1919 17263 
1920 17272 
1921 17281 
1922 17290 
1923 17299 
1924 17308 
1925 17317 
1926 17326 
1927 17335 
1928 17344 
1929 17353 
1930 17362 
1931 17371 
1932 17380 
1933 17389 
1934 17398 
1935 17407 
1936 17416 
1937 17425 
1938 17434 
1939 17443 
1940 17452 
1941 17461 
1942 17470 
1943 17479 
1944 17488 
1945 17497 
1946 17506 
1947 17515 
1948 17524 
1949 17533 
1950 17542 
1951 17551 
1952 17560 
1953 17569 
1954 17578 
1955 17587 
1956 17596 
1957 17605 
1958 17614 
1959 17623 
1960 17632 
1961 17641 
1962 17650 
1963 17659 
1964 17668 
1965 17677 
1966 17686 
1967 17695 
1968 17704 
1969 17713 
1970 17722 
1971 17731 
1972 17740 
1973 17749 
1974 17758 
1975 17767 
1976 17776 
1977 17785 
1978 17794 
1979 17803 
1980 17812 
1981 17821 
1982 17830 
1983 17839 
1984 17848 
1985 17857 
1986 17866 
1987 17875 
1988 17884 
1989 17893 
1990 17902 
1991 17911 
1992 17920 
1993 17929 
1994 17938 
1995 17947 
1996 17956 
1997 17965 
1998 17974 
1999 17983 
2000 17992 
2001 18001 
2002 18010 
2003 18019 
2004 18028 
2005 18037 
2006 18046 
2007 18055 
2008 18064 
2009 18073 
2010 18082 
2011 18091 
2012 18100 
2013 18109 
2014 18118 
2015 18127 
2016 18136 
2017 18145 
2018 18154 
2019 18163 
2020 18172 
2021 18181 
2022 18190 
2023 18199 
2024 18208 
2025 18217 
2026 18226 
2027 18235 
2028 18244 
2029 18253 
2030 18262 
2031 18271 
2032 18280 
2033 18289 
2034 18298 
2035 18307 
2036 18316 
2037 18325 
2038 18334 
2039 18343 
2040 18352 
2041 18361 
2042 18370 
2043 18379 
2044 18388 
2045 18397 
2046 18406 
2047 18415 
2048 18424 
2049 18433 
2050 18442 
2051 18451 
2052 18460 
2053 18469 
2054 18478 
2055 18487 
2056 18496 
2057 18505 
2058 18514 
2059 18523 
2060 18532 
2061 18541 
2062 18550 
2063 18559 
2064 18568 
2065 18577 
2066 18586 
2067 18595 
2068 18604 
2069 18613 
2070 18622 
2071 18631 
2072 18640 
2073 18649 
2074 18658 
2075 18667 
2076 18676 
2077 18685 
2078 18694 
2079 18703 
2080 18712 
2081 18721 
2082 18730 
2083 18739 
2084 18748 
2085 18757 
2086 18766 
2087 18775 
2088 18784 
2089 18793 
2090 18802 
2091 18811 
2092 18820 
2093 18829 
2094 18838 
2095 18847 
2096 18856 
2097 18865 
2098 18874 
2099 18883 
2100 18892 
2101 18901 
2102 18910 
2103 18919 
2104 18928 
2105 18937 
2106 18946 
2107 18955 
2108 18964 
2109 18973 
2110 18982 
2111 18991 
2112 19000 
2113 19009 
2114 19018 
2115 19027 
2116 19036 
2117 19045 
2118 19054 
2119 19063 
2120 19072 
2121 19081 
2122 19090 
2123 19099 
2124 19108 
2125 19117 
2126 19126 
2127 19135 
2128 19144 
2129 19153 
2130 19162 
2131 19171 
2132 19180 
2133 19189 
2134 19198 
2135 19207 
2136 19216 
2137 19225 
2138 19234 
2139 19243 
2140 19252 
2141 19261 
2142 19270 
2143 19279 
2144 19288 
2145 19297 
2146 19306 
2147 19315 
2148 19324 
2149 19333 
2150 19342 
2151 19351 
2152 19360 
2153 19369 
2154 19378 
2155 19387 
2156 19396 
2157 19405 
2158 19414 
2159 19423 
2160 19432 
2161 19441 
2162 19450 
2163 19459 
2164 19468 
2165 19477 
2166 19486 
2167 19495 
2168 19504 
2169 19513 
2170 19522 
2171 19531 
2172 19540 
2173 19549 
2174 19558 
2175 19567 
2176 19576 
2177 19585 
2178 19594 
2179 19603 
2180 19612 
2181 19621 
2182 19630 
2183 19639 
2184 19648 
2185 19657 
2186 19666 
2187 19675 
2188 19684 
2189 19693 
2190 19702 
2191 19711 
2192 19720 
2193 19729 
2194 19738 
2195 19747 
2196 19756 
2197 19765 
2198 19774 
2199 19783 
2200 19792 
2201 19801 
2202 19810 
2203 19819 
2204 19828 
2205 19837 
2206 19846 
2207 19855 
2208 19864 
2209 19873 
2210 19882 
2211 19891 
2212 19900 
2213 19909 
2214 19918 
2215 19927 
2216 19936 
2217 19945 
2218 19954 
2219 19963 
2220 19972 
2221 19981 
2222 19990 
2223 19999 
2224 20008 
2225 20017 
2226 20026 
2227 20035 
2228 20044 
2229 20053 
2230 20062 
2231 20071 
2232 20080 
2233 20089 
2234 20098 
2235 20107 
2236 20116 
2237 20125 
2238 20134 
2239 20143 
2240 20152 
2241 20161 
2242 20170 
2243 20179 
2244 20188 
2245 20197 
2246 20206 
2247 20215 
2248 20224 
2249 20233 
2250 20242 
2251 20251 
2252 20260 
2253 20269 
2254 20278 
2255 20287 
2256 20296 
2257 20305 
2258 20314 
2259 20323 
2260 20332 
2261 20341 
2262 20350 
2263 20359 
2264 20368 
2265 20377 
2266 20386 
2267 20395 
2268 20404 
2269 20413 
2270 20422 
2271 20431 
2272 20440 
2273 20449 
2274 20458 
2275 20467 
2276 20476 
2277 20485 
2278 20494 
2279 20503 
2280 20512 
2281 20521 
2282 20530 
2283 20539 
2284 20548 
2285 20557 
2286 20566 
2287 20575 
2288 20584 
2289 20593 
2290 20602 
2291 20611 
2292 20620 
2293 20629 
2294 20638 
2295 20647 
2296 20656 
2297 20665 
2298 20674 
2299 20683 
2300 20692 
2301 20701 
2302 20710 
2303 20719 
2304 20728 
2305 20737 
2306 20746 
2307 20755 
2308 20764 
2309 20773 
2310 20782 
2311 20791 
2312 20800 
2313 20809 
2314 20818 
2315 20827 
2316 20836 
2317 20845 
2318 20854 
2319 20863 
2320 20872 
2321 20881 
2322 20890 
2323 20899 
2324 20908 
2325 20917 
2326 20926 
2327 20935 
2328 20944 
2329 20953 
2330 20962 
2331 20971 
2332 20980 
2333 20989 
2334 20998 
2335 21007 
2336 21016 
2337 21025 
2338 21034 
2339 21043 
2340 21052 
2341 21061 
2342 21070 
2343 21079 
2344 21088 
2345 21097 
2346 21106 
2347 21115 
2348 21124 
2349 21133 
2350 21142 
2351 21151 
2352 21160 
2353 21169 
2354 21178 
2355 21187 
2356 21196 
2357 21205 
2358 21214 
2359 21223 
2360 21232 
2361 21241 
2362 21250 
2363 21259 
2364 21268 
2365 21277 
2366 21286 
2367 21295 
2368 21304 
2369 21313 
2370 21322 
2371 21331 
2372 21340 
2373 21349 
2374 21358 
2375 21367 
2376 21376 
2377 21385 
2378 21394 
2379 21403 
2380 21412 
2381 21421 
2382 21430 
2383 21439 
2384 21448 
2385 21457 
2386 21466 
2387 21475 
2388 21484 
2389 21493 
2390 21502 
2391 21511 
2392 21520 
2393 21529 
2394 21538 
2395 21547 
2396 21556 
2397 21565 
2398 21574 
2399 21583 
2400 21592 
2401 21601 
2402 21610 
2403 21619 
2404 21628 
2405 21637 
2406 21646 
2407 21655 
2408 21664 
2409 21673 
2410 21682 
2411 21691 
2412 21700 
2413 21709 
2414 21718 
2415 21727 
2416 21736 
2417 21745 
2418 21754 
2419 21763 
2420 21772 
2421 21781 
2422 21790 
2423 21799 
2424 21808 
2425 21817 
2426 21826 
2427 21835 
2428 21844 
2429 21853 
2430 21862 
2431 21871 
2432 21880 
2433 21889 
2434 21898 
2435 21907 
2436 21916 
2437 21925 
2438 21934 
2439 21943 
2440 21952 
2441 21961 
2442 21970 
2443 21979 
2444 21988 
2445 21997 
2446 22006 
2447 22015 
2448 22024 
2449 22033 
2450 22042 
2451 22051 
2452 22060 
2453 22069 
2454 22078 
2455 22087 
2456 22096 
2457 22105 
2458 22114 
2459 22123 
2460 22132 
2461 22141 
2462 22150 
2463 22159 
2464 22168 
2465 22177 
2466 22186 
2467 22195 
2468 22204 
2469 22213 
2470 22222 
2471 22231 
2472 22240 
2473 22249 
2474 22258 
2475 22267 
2476 22276 
2477 22285 
2478 22294 
2479 22303 
2480 22312 
2481 22321 
2482 22330 
2483 22339 
2484 22348 
2485 22357 
2486 22366 
2487 22375 
2488 22384 
2489 22393 
2490 22402 
2491 22411 
2492 22420 
2493 22429 
2494 22438 
2495 22447 
2496 22456 
2497 22465 
2498 22474 
2499 22483 
2500 22492 
2501 22501 
2502 22510 
2503 22519 
2504 22528 
2505 22537 
2506 22546 
2507 22555 
2508 22564 
2509 22573 
2510 22582 
2511 22591 
2512 22600 
2513 22609 
2514 22618 
2515 22627 
2516 22636 
2517 22645 
2518 22654 
2519 22663 
2520 22672 
2521 22681 
2522 22690 
2523 22699 
2524 22708 
2525 22717 
2526 22726 
2527 22735 
2528 22744 
2529 22753 
2530 22762 
2531 22771 
2532 22780 
2533 22789 
2534 22798 
2535 22807 
2536 22816 
2537 22825 
2538 22834 
2539 22843 
2540 22852 
2541 22861 
2542 22870 
2543 22879 
2544 22888 
2545 22897 
2546 22906 
2547 22915 
2548 22924 
2549 22933 
2550 22942 
2551 22951 
2552 22960 
2553 22969 
2554 22978 
2555 22987 
2556 22996 
2557 23005 
2558 23014 
2559 23023 
2560 23032 
2561 23041 
2562 23050 
2563 23059 
2564 23068 
2565 23077 
2566 23086 
2567 23095 
2568 23104 
2569 23113 
2570 23122 
2571 23131 
2572 23140 
2573 23149 
2574 23158 
2575 23167 
2576 23176 
2577 23185 
2578 23194 
2579 23203 
2580 23212 
2581 23221 
2582 23230 
2583 23239 
2584 23248 
2585 23257 
2586 23266 
2587 23275 
2588 23284 
2589 23293 
2590 23302 
2591 23311 
2592 23320 
2593 23329 
2594 23338 
2595 23347 
2596 23356 
2597 23365 
2598 23374 
2599 23383 
2600 23392 
2601 23401 
2602 23410 
2603 23419 
2604 23428 
2605 23437 
2606 23446 
2607 23455 
2608 23464 
2609 23473 
2610 23482 
2611 23491 
2612 23500 
2613 23509 
2614 23518 
2615 23527 
2616 23536 
2617 23545 
2618 23554 
2619 23563 
2620 23572 
2621 23581 
2622 23590 
2623 23599 
2624 23608 
2625 23617 
2626 23626 
2627 23635 
2628 23644 
2629 23653 
2630 23662 
2631 23671 
2632 23680 
2633 23689 
2634 23698 
2635 23707 
2636 23716 
2637 23725 
2638 23734 
2639 23743 
2640 23752 
2641 23761 
2642 23770 
2643 23779 
2644 23788 
2645 23797 
2646 23806 
2647 23815 
2648 23824 
2649 23833 
2650 23842 
2651 23851 
2652 23860 
2653 23869 
2654 23878 
2655 23887 
2656 23896 
2657 23905 
2658 23914 
2659 23923 
2660 23932 
2661 23941 
2662 23950 
2663 23959 
2664 23968 
2665 23977 
2666 23986 
2667 23995 
2668 24004 
2669 24013 
2670 24022 
2671 24031 
2672 24040 
2673 24049 
2674 24058 
2675 24067 
2676 24076 
2677 24085 
2678 24094 
2679 24103 
2680 24112 
2681 24121 
2682 24130 
2683 24139 
2684 24148 
2685 24157 
2686 24166 
2687 24175 
2688 24184 
2689 24193 
2690 24202 
2691 24211 
2692 24220 
2693 24229 
2694 24238 
2695 24247 
2696 24256 
2697 24265 
2698 24274 
2699 24283 
2700 24292 
2701 24301 
2702 24310 
2703 24319 
2704 24328 
2705 24337 
2706 24346 
2707 24355 
2708 24364 
2709 24373 
2710 24382 
2711 24391 
2712 24400 
2713 24409 
2714 24418 
2715 24427 
2716 24436 
2717 24445 
2718 24454 
2719 24463 
2720 24472 
2721 24481 
2722 24490 
2723 24499 
2724 24508 
2725 24517 
2726 24526 
2727 24535 
2728 24544 
2729 24553 
2730 24562 
2731 24571 
2732 24580 
2733 24589 
2734 24598 
2735 24607 
2736 24616 
2737 24625 
2738 24634 
2739 24643 
2740 24652 
2741 24661 
2742 24670 
2743 24679 
2744 24688 
2745 24697 
2746 24706 
2747 24715 
2748 24724 
2749 24733 
2750 24742 
2751 24751 
2752 24760 
2753 24769 
2754 24778 
2755 24787 
2756 24796 
2757 24805 
2758 24814 
2759 24823 
2760 24832 
2761 24841 
2762 24850 
2763 24859 
2764 24868 
2765 24877 
2766 24886 
2767 24895 
2768 24904 
2769 24913 
2770 24922 
2771 24931 
2772 24940 
2773 24949 
2774 24958 
2775 24967 
2776 24976 
2777 24985 
2778 24994 
2779 25003 
2780 25012 
2781 25021 
2782 25030 
2783 25039 
2784 25048 
2785 25057 
2786 25066 
2787 25075 
2788 25084 
2789 25093 
2790 25102 
2791 25111 
2792 25120 
2793 25129 
2794 25138 
2795 25147 
2796 25156 
2797 25165 
2798 25174 
2799 25183 
2800 25192 
2801 25201 
2802 25210 
2803 25219 
2804 25228 
2805 25237 
2806 25246 
2807 25255 
2808 25264 
2809 25273 
2810 25282 
2811 25291 
2812 25300 
2813 25309 
2814 25318 
2815 25327 
2816 25336 
2817 25345 
2818 25354 
2819 25363 
2820 25372 
2821 25381 
2822 25390 
2823 25399 
2824 25408 
2825 25417 
2826 25426 
2827 25435 
2828 25444 
2829 25453 
2830 25462 
2831 25471 
2832 25480 
2833 25489 
2834 25498 
2835 25507 
2836 25516 
2837 25525 
2838 25534 
2839 25543 
2840 25552 
2841 25561 
2842 25570 
2843 25579 
2844 25588 
2845 25597 
2846 25606 
2847 25615 
2848 25624 
2849 25633 
2850 25642 
2851 25651 
2852 25660 
2853 25669 
2854 25678 
2855 25687 
2856 25696 
2857 25705 
2858 25714 
2859 25723 
2860 25732 
2861 25741 
2862 25750 
2863 25759 
2864 25768 
2865 25777 
2866 25786 
2867 25795 
2868 25804 
2869 25813 
2870 25822 
2871 25831 
2872 25840 
2873 25849 
2874 25858 
2875 25867 
2876 25876 
2877 25885 
2878 25894 
2879 25903 
2880 25912 
2881 25921 
2882 25930 
2883 25939 
2884 25948 
2885 25957 
2886 25966 
2887 25975 
2888 25984 
2889 25993 
2890 26002 
2891 26011 
2892 26020 
2893 26029 
2894 26038 
2895 26047 
2896 26056 
2897 26065 
2898 26074 
2899 26083 
2900 26092 
2901 26101 
2902 26110 
2903 26119 
2904 26128 
2905 26137 
2906 26146 
2907 26155 
2908 26164 
2909 26173 
2910 26182 
2911 26191 
2912 26200 
2913 26209 
2914 26218 
2915 26227 
2916 26236 
2917 26245 
2918 26254 
2919 26263 
2920 26272 
2921 26281 
2922 26290 
2923 26299 
2924 26308 
2925 26317 
2926 26326 
2927 26335 
2928 26344 
2929 26353 
2930 26362 
2931 26371 
2932 26380 
2933 26389 
2934 26398 
2935 26407 
2936 26416 
2937 26425 
2938 26434 
2939 26443 
2940 26452 
2941 26461 
2942 26470 
2943 26479 
2944 26488 
2945 26497 
2946 26506 
2947 26515 
2948 26524 
2949 26533 
2950 26542 
2951 26551 
2952 26560 
2953 26569 
2954 26578 
2955 26587 
2956 26596 
2957 26605 
2958 26614 
2959 26623 
2960 26632 
2961 26641 
2962 26650 
2963 26659 
2964 26668 
2965 26677 
2966 26686 
2967 26695 
2968 26704 
2969 26713 
2970 26722 
2971 26731 
2972 26740 
2973 26749 
2974 26758 
2975 26767 
2976 26776 
2977 26785 
2978 26794 
2979 26803 
2980 26812 
2981 26821 
2982 26830 
2983 26839 
2984 26848 
2985 26857 
2986 26866 
2987 26875 
2988 26884 
2989 26893 
2990 26902 
2991 26911 
2992 26920 
2993 26929 
2994 26938 
2995 26947 
2996 26956 
2997 26965 
2998 26974 
2999 26983 
3000 26992 
3001 27001 
3002 27010 
3003 27019 
3004 27028 
3005 27037 
3006 27046 
3007 27055 
3008 27064 
3009 27073 
3010 27082 
3011 27091 
3012 27100 
3013 27109 
3014 27118 
3015 27127 
3016 27136 
3017 27145 
3018 27154 
3019 27163 
3020 27172 
3021 27181 
3022 27190 
3023 27199 
3024 27208 
3025 27217 
3026 27226 
3027 27235 
3028 27244 
3029 27253 
3030 27262 
3031 27271 
3032 27280 
3033 27289 
3034 27298 
3035 27307 
3036 27316 
3037 27325 
3038 27334 
3039 27343 
3040 27352 
3041 27361 
3042 27370 
3043 27379 
3044 27388 
3045 27397 
3046 27406 
3047 27415 
3048 27424 
3049 27433 
3050 27442 
3051 27451 
3052 27460 
3053 27469 
3054 27478 
3055 27487 
3056 27496 
3057 27505 
3058 27514 
3059 27523 
3060 27532 
3061 27541 
3062 27550 
3063 27559 
3064 27568 
3065 27577 
3066 27586 
3067 27595 
3068 27604 
3069 27613 
3070 27622 
3071 27631 
3072 27640 
3073 27649 
3074 27658 
3075 27667 
3076 27676 
3077 27685 
3078 27694 
3079 27703 
3080 27712 
3081 27721 
3082 27730 
3083 27739 
3084 27748 
3085 27757 
3086 27766 
3087 27775 
3088 27784 
3089 27793 
3090 27802 
3091 27811 
3092 27820 
3093 27829 
3094 27838 
3095 27847 
3096 27856 
3097 27865 
3098 27874 
3099 27883 
3100 27892 
3101 27901 
3102 27910 
3103 27919 
3104 27928 
3105 27937 
3106 27946 
3107 27955 
3108 27964 
3109 27973 
3110 27982 
3111 27991 
3112 28000 
3113 28009 
3114 28018 
3115 28027 
3116 28036 
3117 28045 
3118 28054 
3119 28063 
3120 28072 
3121 28081 
3122 28090 
3123 28099 
3124 28108 
3125 28117 
3126 28126 
3127 28135 
3128 28144 
3129 28153 
3130 28162 
3131 28171 
3132 28180 
3133 28189 
3134 28198 
3135 28207 
3136 28216 
3137 28225 
3138 28234 
3139 28243 
3140 28252 
3141 28261 
3142 28270 
3143 28279 
3144 28288 
3145 28297 
3146 28306 
3147 28315 
3148 28324 
3149 28333 
3150 28342 
3151 28351 
3152 28360 
3153 28369 
3154 28378 
3155 28387 
3156 28396 
3157 28405 
3158 28414 
3159 28423 
3160 28432 
3161 28441 
3162 28450 
3163 28459 
3164 28468 
3165 28477 
3166 28486 
3167 28495 
3168 28504 
3169 28513 
3170 28522 
3171 28531 
3172 28540 
3173 28549 
3174 28558 
3175 28567 
3176 28576 
3177 28585 
3178 28594 
3179 28603 
3180 28612 
3181 28621 
3182 28630 
3183 28639 
3184 28648 
3185 28657 
3186 28666 
3187 28675 
3188 28684 
3189 28693 
3190 28702 
3191 28711 
3192 28720 
3193 28729 
3194 28738 
3195 28747 
3196 28756 
3197 28765 
3198 28774 
3199 28783 
3200 28792 
3201 28801 
3202 28810 
3203 28819 
3204 28828 
3205 28837 
3206 28846 
3207 28855 
3208 28864 
3209 28873 
3210 28882 
3211 28891 
3212 28900 
3213 28909 
3214 28918 
3215 28927 
3216 28936 
3217 28945 
3218 28954 
3219 28963 
3220 28972 
3221 28981 
3222 28990 
3223 28999 
3224 29008 
3225 29017 
3226 29026 
3227 29035 
3228 29044 
3229 29053 
3230 29062 
3231 29071 
3232 29080 
3233 29089 
3234 29098 
3235 29107 
3236 29116 
3237 29125 
3238 29134 
3239 29143 
3240 29152 
3241 29161 
3242 29170 
3243 29179 
3244 29188 
3245 29197 
3246 29206 
3247 29215 
3248 29224 
3249 29233 
3250 29242 
3251 29251 
3252 29260 
3253 29269 
3254 29278 
3255 29287 
3256 29296 
3257 29305 
3258 29314 
3259 29323 
3260 29332 
3261 29341 
3262 29350 
3263 29359 
3264 29368 
3265 29377 
3266 29386 
3267 29395 
3268 29404 
3269 29413 
3270 29422 
3271 29431 
3272 29440 
3273 29449 
3274 29458 
3275 29467 
3276 29476 
3277 29485 
3278 29494 
3279 29503 
3280 29512 
3281 29521 
3282 29530 
3283 29539 
3284 29548 
3285 29557 
3286 29566 
3287 29575 
3288 29584 
3289 29593 
3290 29602 
3291 29611 
3292 29620 
3293 29629 
3294 29638 
3295 29647 
3296 29656 
3297 29665 
3298 29674 
3299 29683 
3300 29692 
3301 29701 
3302 29710 
3303 29719 
3304 29728 
3305 29737 
3306 29746 
3307 29755 
3308 29764 
3309 29773 
3310 29782 
3311 29791 
3312 29800 
3313 29809 
3314 29818 
3315 29827 
3316 29836 
3317 29845 
3318 29854 
3319 29863 
3320 29872 
3321 29881 
3322 29890 
3323 29899 
3324 29908 
3325 29917 
3326 29926 
3327 29935 
3328 29944 
3329 29953 
3330 29962 
3331 29971 
3332 29980 
3333 29989 
3334 29998 
3335 30007 
3336 30016 
3337 30025 
3338 30034 
3339 30043 
3340 30052 
3341 30061 
3342 30070 
3343 30079 
3344 30088 
3345 30097 
3346 30106 
3347 30115 
3348 30124 
3349 30133 
3350 30142 
3351 30151 
3352 30160 
3353 30169 
3354 30178 
3355 30187 
3356 30196 
3357 30205 
3358 30214 
3359 30223 
3360 30232 
3361 30241 
3362 30250 
3363 30259 
3364 30268 
3365 30277 
3366 30286 
3367 30295 
3368 30304 
3369 30313 
3370 30322 
3371 30331 
3372 30340 
3373 30349 
3374 30358 
3375 30367 
3376 30376 
3377 30385 
3378 30394 
3379 30403 
3380 30412 
3381 30421 
3382 30430 
3383 30439 
3384 30448 
3385 30457 
3386 30466 
3387 30475 
3388 30484 
3389 30493 
3390 30502 
3391 30511 
3392 30520 
3393 30529 
3394 30538 
3395 30547 
3396 30556 
3397 30565 
3398 30574 
3399 30583 
3400 30592 
3401 30601 
3402 30610 
3403 30619 
3404 30628 
3405 30637 
3406 30646 
3407 30655 
3408 30664 
3409 30673 
3410 30682 
3411 30691 
3412 30700 
3413 30709 
3414 30718 
3415 30727 
3416 30736 
3417 30745 
3418 30754 
3419 30763 
3420 30772 
3421 30781 
3422 30790 
3423 30799 
3424 30808 
3425 30817 
3426 30826 
3427 30835 
3428 30844 
3429 30853 
3430 30862 
3431 30871 
3432 30880 
3433 30889 
3434 30898 
3435 30907 
3436 30916 
3437 30925 
3438 30934 
3439 30943 
3440 30952 
3441 30961 
3442 30970 
3443 30979 
3444 30988 
3445 30997 
3446 31006 
3447 31015 
3448 31024 
3449 31033 
3450 31042 
3451 31051 
3452 31060 
3453 31069 
3454 31078 
3455 31087 
3456 31096 
3457 31105 
3458 31114 
3459 31123 
3460 31132 
3461 31141 
3462 31150 
3463 31159 
3464 31168 
3465 31177 
3466 31186 
3467 31195 
3468 31204 
3469 31213 
3470 31222 
3471 31231 
3472 31240 
3473 31249 
3474 31258 
3475 31267 
3476 31276 
3477 31285 
3478 31294 
3479 31303 
3480 31312 
3481 31321 
3482 31330 
3483 31339 
3484 31348 
3485 31357 
3486 31366 
3487 31375 
3488 31384 
3489 31393 
3490 31402 
3491 31411 
3492 31420 
3493 31429 
3494 31438 
3495 31447 
3496 31456 
3497 31465 
3498 31474 
3499 31483 
3500 31492 
3501 31501 
3502 31510 
3503 31519 
3504 31528 
3505 31537 
3506 31546 
3507 31555 
3508 31564 
3509 31573 
3510 31582 
3511 31591 
3512 31600 
3513 31609 
3514 31618 
3515 31627 
3516 31636 
3517 31645 
3518 31654 
3519 31663 
3520 31672 
3521 31681 
3522 31690 
3523 31699 
3524 31708 
3525 31717 
3526 31726 
3527 31735 
3528 31744 
3529 31753 
3530 31762 
3531 31771 
3532 31780 
3533 31789 
3534 31798 
3535 31807 
3536 31816 
3537 31825 
3538 31834 
3539 31843 
3540 31852 
3541 31861 
3542 31870 
3543 31879 
3544 31888 
3545 31897 
3546 31906 
3547 31915 
3548 31924 
3549 31933 
3550 31942 
3551 31951 
3552 31960 
3553 31969 
3554 31978 
3555 31987 
3556 31996 
3557 32005 
3558 32014 
3559 32023 
3560 32032 
3561 32041 
3562 32050 
3563 32059 
3564 32068 
3565 32077 
3566 32086 
3567 32095 
3568 32104 
3569 32113 
3570 32122 
3571 32131 
3572 32140 
3573 32149 
3574 32158 
3575 32167 
3576 32176 
3577 32185 
3578 32194 
3579 32203 
3580 32212 
3581 32221 
3582 32230 
3583 32239 
3584 32248 
3585 32257 
3586 32266 
3587 32275 
3588 32284 
3589 32293 
3590 32302 
3591 32311 
3592 32320 
3593 32329 
3594 32338 
3595 32347 
3596 32356 
3597 32365 
3598 32374 
3599 32383 
3600 32392 
3601 32401 
3602 32410 
3603 32419 
3604 32428 
3605 32437 
3606 32446 
3607 32455 
3608 32464 
3609 32473 
3610 32482 
3611 32491 
3612 32500 
3613 32509 
3614 32518 
3615 32527 
3616 32536 
3617 32545 
3618 32554 
3619 32563 
3620 32572 
3621 32581 
3622 32590 
3623 32599 
3624 32608 
3625 32617 
3626 32626 
3627 32635 
3628 32644 
3629 32653 
3630 32662 
3631 32671 
3632 32680 
3633 32689 
3634 32698 
3635 32707 
3636 32716 
3637 32725 
3638 32734 
3639 32743 
3640 32752 
3641 32761 
3642 32770 
3643 32779 
3644 32788 
3645 32797 
3646 32806 
3647 32815 
3648 32824 
3649 32833 
3650 32842 
3651 32851 
3652 32860 
3653 32869 
3654 32878 
3655 32887 
3656 32896 
3657 32905 
3658 32914 
3659 32923 
3660 32932 
3661 32941 
3662 32950 
3663 32959 
3664 32968 
3665 32977 
3666 32986 
3667 32995 
3668 33004 
3669 33013 
3670 33022 
3671 33031 
3672 33040 
3673 33049 
3674 33058 
3675 33067 
3676 33076 
3677 33085 
3678 33094 
3679 33103 
3680 33112 
3681 33121 
3682 33130 
3683 33139 
3684 33148 
3685 33157 
3686 33166 
3687 33175 
3688 33184 
3689 33193 
3690 33202 
3691 33211 
3692 33220 
3693 33229 
3694 33238 
3695 33247 
3696 33256 
3697 33265 
3698 33274 
3699 33283 
3700 33292 
3701 33301 
3702 33310 
3703 33319 
3704 33328 
3705 33337 
3706 33346 
3707 33355 
3708 33364 
3709 33373 
3710 33382 
3711 33391 
3712 33400 
3713 33409 
3714 33418 
3715 33427 
3716 33436 
3717 33445 
3718 33454 
3719 33463 
3720 33472 
3721 33481 
3722 33490 
3723 33499 
3724 33508 
3725 33517 
3726 33526 
3727 33535 
3728 33544 
3729 33553 
3730 33562 
3731 33571 
3732 33580 
3733 33589 
3734 33598 
3735 33607 
3736 33616 
3737 33625 
3738 33634 
3739 33643 
3740 33652 
3741 33661 
3742 33670 
3743 33679 
3744 33688 
3745 33697 
3746 33706 
3747 33715 
3748 33724 
3749 33733 
3750 33742 
3751 33751 
3752 33760 
3753 33769 
3754 33778 
3755 33787 
3756 33796 
3757 33805 
3758 33814 
3759 33823 
3760 33832 
3761 33841 
3762 33850 
3763 33859 
3764 33868 
3765 33877 
3766 33886 
3767 33895 
3768 33904 
3769 33913 
3770 33922 
3771 33931 
3772 33940 
3773 33949 
3774 33958 
3775 33967 
3776 33976 
3777 33985 
3778 33994 
3779 34003 
3780 34012 
3781 34021 
3782 34030 
3783 34039 
3784 34048 
3785 34057 
3786 34066 
3787 34075 
3788 34084 
3789 34093 
3790 34102 
3791 34111 
3792 34120 
3793 34129 
3794 34138 
3795 34147 
3796 34156 
3797 34165 
3798 34174 
3799 34183 
3800 34192 
3801 34201 
3802 34210 
3803 34219 
3804 34228 
3805 34237 
3806 34246 
3807 34255 
3808 34264 
3809 34273 
3810 34282 
3811 34291 
3812 34300 
3813 34309 
3814 34318 
3815 34327 
3816 34336 
3817 34345 
3818 34354 
3819 34363 
3820 34372 
3821 34381 
3822 34390 
3823 34399 
3824 34408 
3825 34417 
3826 34426 
3827 34435 
3828 34444 
3829 34453 
3830 34462 
3831 34471 
3832 34480 
3833 34489 
3834 34498 
3835 34507 
3836 34516 
3837 34525 
3838 34534 
3839 34543 
3840 34552 
3841 34561 
3842 34570 
3843 34579 
3844 34588 
3845 34597 
3846 34606 
3847 34615 
3848 34624 
3849 34633 
3850 34642 
3851 34651 
3852 34660 
3853 34669 
3854 34678 
3855 34687 
3856 34696 
3857 34705 
3858 34714 
3859 34723 
3860 34732 
3861 34741 
3862 34750 
3863 34759 
3864 34768 
3865 34777 
3866 34786 
3867 34795 
3868 34804 
3869 34813 
3870 34822 
3871 34831 
3872 34840 
3873 34849 
3874 34858 
3875 34867 
3876 34876 
3877 34885 
3878 34894 
3879 34903 
3880 34912 
3881 34921 
3882 34930 
3883 34939 
3884 34948 
3885 34957 
3886 34966 
3887 34975 
3888 34984 
3889 34993 
3890 35002 
3891 35011 
3892 35020 
3893 35029 
3894 35038 
3895 35047 
3896 35056 
3897 35065 
3898 35074 
3899 35083 
3900 35092 
3901 35101 
3902 35110 
3903 35119 
3904 35128 
3905 35137 
3906 35146 
3907 35155 
3908 35164 
3909 35173 
3910 35182 
3911 35191 
3912 35200 
3913 35209 
3914 35218 
3915 35227 
3916 35236 
3917 35245 
3918 35254 
3919 35263 
3920 35272 
3921 35281 
3922 35290 
3923 35299 
3924 35308 
3925 35317 
3926 35326 
3927 35335 
3928 35344 
3929 35353 
3930 35362 
3931 35371 
3932 35380 
3933 35389 
3934 35398 
3935 35407 
3936 35416 
3937 35425 
3938 35434 
3939 35443 
3940 35452 
3941 35461 
3942 35470 
3943 35479 
3944 35488 
3945 35497 
3946 35506 
3947 35515 
3948 35524 
3949 35533 
3950 35542 
3951 35551 
3952 35560 
3953 35569 
3954 35578 
3955 35587 
3956 35596 
3957 35605 
3958 35614 
3959 35623 
3960 35632 
3961 35641 
3962 35650 
3963 35659 
3964 35668 
3965 35677 
3966 35686 
3967 35695 
3968 35704 
3969 35713 
3970 35722 
3971 35731 
3972 35740 
3973 35749 
3974 35758 
3975 35767 
3976 35776 
3977 35785 
3978 35794 
3979 35803 
3980 35812 
3981 35821 
3982 35830 
3983 35839 
3984 35848 
3985 35857 
3986 35866 
3987 35875 
3988 35884 
3989 35893 
3990 35902 
3991 35911 
3992 35920 
3993 35929 
3994 35938 
3995 35947 
3996 35956 
3997 35965 
3998 35974 
3999 35983 
4000 35992 
4001 36001 
4002 36010 
4003 36019 
4004 36028 
4005 36037 
4006 36046 
4007 36055 
4008 36064 
4009 36073 
4010 36082 
4011 36091 
4012 36100 
4013 36109 
4014 36118 
4015 36127 
4016 36136 
4017 36145 
4018 36154 
4019 36163 
4020 36172 
4021 36181 
4022 36190 
4023 36199 
4024 36208 
4025 36217 
4026 36226 
4027 36235 
4028 36244 
4029 36253 
4030 36262 
4031 36271 
4032 36280 
4033 36289 
4034 36298 
4035 36307 
4036 36316 
4037 36325 
4038 36334 
4039 36343 
4040 36352 
4041 36361 
4042 36370 
4043 36379 
4044 36388 
4045 36397 
4046 36406 
4047 36415 
4048 36424 
4049 36433 
4050 36442 
4051 36451 
4052 36460 
4053 36469 
4054 36478 
4055 36487 
4056 36496 
4057 36505 
4058 36514 
4059 36523 
4060 36532 
4061 36541 
4062 36550 
4063 36559 
4064 36568 
4065 36577 
4066 36586 
4067 36595 
4068 36604 
4069 36613 
4070 36622 
4071 36631 
4072 36640 
4073 36649 
4074 36658 
4075 36667 
4076 36676 
4077 36685 
4078 36694 
4079 36703 
4080 36712 
4081 36721 
4082 36730 
4083 36739 
4084 36748 
4085 36757 
4086 36766 
4087 36775 
4088 36784 
4089 36793 
4090 36802 
4091 36811 
4092 36820 
4093 36829 
4094 36838 
4095 36847 
4096 36856 
4097 36865 
4098 36874 
4099 36883 
4100 36892 
4101 36901 
4102 36910 
4103 36919 
4104 36928 
4105 36937 
4106 36946 
4107 36955 
4108 36964 
4109 36973 
4110 36982 
4111 36991 
4112 37000 
4113 37009 
4114 37018 
4115 37027 
4116 37036 
4117 37045 
4118 37054 
4119 37063 
4120 37072 
4121 37081 
4122 37090 
4123 37099 
4124 37108 
4125 37117 
4126 37126 
4127 37135 
4128 37144 
4129 37153 
4130 37162 
4131 37171 
4132 37180 
4133 37189 
4134 37198 
4135 37207 
4136 37216 
4137 37225 
4138 37234 
4139 37243 
4140 37252 
4141 37261 
4142 37270 
4143 37279 
4144 37288 
4145 37297 
4146 37306 
4147 37315 
4148 37324 
4149 37333 
4150 37342 
4151 37351 
4152 37360 
4153 37369 
4154 37378 
4155 37387 
4156 37396 
4157 37405 
4158 37414 
4159 37423 
4160 37432 
4161 37441 
4162 37450 
4163 37459 
4164 37468 
4165 37477 
4166 37486 
4167 37495 
4168 37504 
4169 37513 
4170 37522 
4171 37531 
4172 37540 
4173 37549 
4174 37558 
4175 37567 
4176 37576 
4177 37585 
4178 37594 
4179 37603 
4180 37612 
4181 37621 
4182 37630 
4183 37639 
4184 37648 
4185 37657 
4186 37666 
4187 37675 
4188 37684 
4189 37693 
4190 37702 
4191 37711 
4192 37720 
4193 37729 
4194 37738 
4195 37747 
4196 37756 
4197 37765 
4198 37774 
4199 37783 
4200 37792 
4201 37801 
4202 37810 
4203 37819 
4204 37828 
4205 37837 
4206 37846 
4207 37855 
4208 37864 
4209 37873 
4210 37882 
4211 37891 
4212 37900 
4213 37909 
4214 37918 
4215 37927 
4216 37936 
4217 37945 
4218 37954 
4219 37963 
4220 37972 
4221 37981 
4222 37990 
4223 37999 
4224 38008 
4225 38017 
4226 38026 
4227 38035 
4228 38044 
4229 38053 
4230 38062 
4231 38071 
4232 38080 
4233 38089 
4234 38098 
4235 38107 
4236 38116 
4237 38125 
4238 38134 
4239 38143 
4240 38152 
4241 38161 
4242 38170 
4243 38179 
4244 38188 
4245 38197 
4246 38206 
4247 38215 
4248 38224 
4249 38233 
4250 38242 
4251 38251 
4252 38260 
4253 38269 
4254 38278 
4255 38287 
4256 38296 
4257 38305 
4258 38314 
4259 38323 
4260 38332 
4261 38341 
4262 38350 
4263 38359 
4264 38368 
4265 38377 
4266 38386 
4267 38395 
4268 38404 
4269 38413 
4270 38422 
4271 38431 
4272 38440 
4273 38449 
4274 38458 
4275 38467 
4276 38476 
4277 38485 
4278 38494 
4279 38503 
4280 38512 
4281 38521 
4282 38530 
4283 38539 
4284 38548 
4285 38557 
4286 38566 
4287 38575 
4288 38584 
4289 38593 
4290 38602 
4291 38611 
4292 38620 
4293 38629 
4294 38638 
4295 38647 
4296 38656 
4297 38665 
4298 38674 
4299 38683 
4300 38692 
4301 38701 
4302 38710 
4303 38719 
4304 38728 
4305 38737 
4306 38746 
4307 38755 
4308 38764 
4309 38773 
4310 38782 
4311 38791 
4312 38800 
4313 38809 
4314 38818 
4315 38827 
4316 38836 
4317 38845 
4318 38854 
4319 38863 
4320 38872 
4321 38881 
4322 38890 
4323 38899 
4324 38908 
4325 38917 
4326 38926 
4327 38935 
4328 38944 
4329 38953 
4330 38962 
4331 38971 
4332 38980 
4333 38989 
4334 38998 
4335 39007 
4336 39016 
4337 39025 
4338 39034 
4339 39043 
4340 39052 
4341 39061 
4342 39070 
4343 39079 
4344 39088 
4345 39097 
4346 39106 
4347 39115 
4348 39124 
4349 39133 
4350 39142 
4351 39151 
4352 39160 
4353 39169 
4354 39178 
4355 39187 
4356 39196 
4357 39205 
4358 39214 
4359 39223 
4360 39232 
4361 39241 
4362 39250 
4363 39259 
4364 39268 
4365 39277 
4366 39286 
4367 39295 
4368 39304 
4369 39313 
4370 39322 
4371 39331 
4372 39340 
4373 39349 
4374 39358 
4375 39367 
4376 39376 
4377 39385 
4378 39394 
4379 39403 
4380 39412 
4381 39421 
4382 39430 
4383 39439 
4384 39448 
4385 39457 
4386 39466 
4387 39475 
4388 39484 
4389 39493 
4390 39502 
4391 39511 
4392 39520 
4393 39529 
4394 39538 
4395 39547 
4396 39556 
4397 39565 
4398 39574 
4399 39583 
4400 39592 
4401 39601 
4402 39610 
4403 39619 
4404 39628 
4405 39637 
4406 39646 
4407 39655 
4408 39664 
4409 39673 
4410 39682 
4411 39691 
4412 39700 
4413 39709 
4414 39718 
4415 39727 
4416 39736 
4417 39745 
4418 39754 
4419 39763 
4420 39772 
4421 39781 
4422 39790 
4423 39799 
4424 39808 
4425 39817 
4426 39826 
4427 39835 
4428 39844 
4429 39853 
4430 39862 
4431 39871 
4432 39880 
4433 39889 
4434 39898 
4435 39907 
4436 39916 
4437 39925 
4438 39934 
4439 39943 
4440 39952 
4441 39961 
4442 39970 
4443 39979 
4444 39988 
4445 39997 
4446 40006 
4447 40015 
4448 40024 
4449 40033 
4450 40042 
4451 40051 
4452 40060 
4453 40069 
4454 40078 
4455 40087 
4456 40096 
4457 40105 
4458 40114 
4459 40123 
4460 40132 
4461 40141 
4462 40150 
4463 40159 
4464 40168 
4465 40177 
4466 40186 
4467 40195 
4468 40204 
4469 40213 
4470 40222 
4471 40231 
4472 40240 
4473 40249 
4474 40258 
4475 40267 
4476 40276 
4477 40285 
4478 40294 
4479 40303 
4480 40312 
4481 40321 
4482 40330 
4483 40339 
4484 40348 
4485 40357 
4486 40366 
4487 40375 
4488 40384 
4489 40393 
4490 40402 
4491 40411 
4492 40420 
4493 40429 
4494 40438 
4495 40447 
4496 40456 
4497 40465 
4498 40474 
4499 40483 
4500 40492 
4501 40501 
4502 40510 
4503 40519 
4504 40528 
4505 40537 
4506 40546 
4507 40555 
4508 40564 
4509 40573 
4510 40582 
4511 40591 
4512 40600 
4513 40609 
4514 40618 
4515 40627 
4516 40636 
4517 40645 
4518 40654 
4519 40663 
4520 40672 
4521 40681 
4522 40690 
4523 40699 
4524 40708 
4525 40717 
4526 40726 
4527 40735 
4528 40744 
4529 40753 
4530 40762 
4531 40771 
4532 40780 
4533 40789 
4534 40798 
4535 40807 
4536 40816 
4537 40825 
4538 40834 
4539 40843 
4540 40852 
4541 40861 
4542 40870 
4543 40879 
4544 40888 
4545 40897 
4546 40906 
4547 40915 
4548 40924 
4549 40933 
4550 40942 
4551 40951 
4552 40960 
4553 40969 
4554 40978 
4555 40987 
4556 40996 
4557 41005 
4558 41014 
4559 41023 
4560 41032 
4561 41041 
4562 41050 
4563 41059 
4564 41068 
4565 41077 
4566 41086 
4567 41095 
4568 41104 
4569 41113 
4570 41122 
4571 41131 
4572 41140 
4573 41149 
4574 41158 
4575 41167 
4576 41176 
4577 41185 
4578 41194 
4579 41203 
4580 41212 
4581 41221 
4582 41230 
4583 41239 
4584 41248 
4585 41257 
4586 41266 
4587 41275 
4588 41284 
4589 41293 
4590 41302 
4591 41311 
4592 41320 
4593 41329 
4594 41338 
4595 41347 
4596 41356 
4597 41365 
4598 41374 
4599 41383 
4600 41392 
4601 41401 
4602 41410 
4603 41419 
4604 41428 
4605 41437 
4606 41446 
4607 41455 
4608 41464 
4609 41473 
4610 41482 
4611 41491 
4612 41500 
4613 41509 
4614 41518 
4615 41527 
4616 41536 
4617 41545 
4618 41554 
4619 41563 
4620 41572 
4621 41581 
4622 41590 
4623 41599 
4624 41608 
4625 41617 
4626 41626 
4627 41635 
4628 41644 
4629 41653 
4630 41662 
4631 41671 
4632 41680 
4633 41689 
4634 41698 
4635 41707 
4636 41716 
4637 41725 
4638 41734 
4639 41743 
4640 41752 
4641 41761 
4642 41770 
4643 41779 
4644 41788 
4645 41797 
4646 41806 
4647 41815 
4648 41824 
4649 41833 
4650 41842 
4651 41851 
4652 41860 
4653 41869 
4654 41878 
4655 41887 
4656 41896 
4657 41905 
4658 41914 
4659 41923 
4660 41932 
4661 41941 
4662 41950 
4663 41959 
4664 41968 
4665 41977 
4666 41986 
4667 41995 
4668 42004 
4669 42013 
4670 42022 
4671 42031 
4672 42040 
4673 42049 
4674 42058 
4675 42067 
4676 42076 
4677 42085 
4678 42094 
4679 42103 
4680 42112 
4681 42121 
4682 42130 
4683 42139 
4684 42148 
4685 42157 
4686 42166 
4687 42175 
4688 42184 
4689 42193 
4690 42202 
4691 42211 
4692 42220 
4693 42229 
4694 42238 
4695 42247 
4696 42256 
4697 42265 
4698 42274 
4699 42283 
4700 42292 
4701 42301 
4702 42310 
4703 42319 
4704 42328 
4705 42337 
4706 42346 
4707 42355 
4708 42364 
4709 42373 
4710 42382 
4711 42391 
4712 42400 
4713 42409 
4714 42418 
4715 42427 
4716 42436 
4717 42445 
4718 42454 
4719 42463 
4720 42472 
4721 42481 
4722 42490 
4723 42499 
4724 42508 
4725 42517 
4726 42526 
4727 42535 
4728 42544 
4729 42553 
4730 42562 
4731 42571 
4732 42580 
4733 42589 
4734 42598 
4735 42607 
4736 42616 
4737 42625 
4738 42634 
4739 42643 
4740 42652 
4741 42661 
4742 42670 
4743 42679 
4744 42688 
4745 42697 
4746 42706 
4747 42715 
4748 42724 
4749 42733 
4750 42742 
4751 42751 
4752 42760 
4753 42769 
4754 42778 
4755 42787 
4756 42796 
4757 42805 
4758 42814 
4759 42823 
4760 42832 
4761 42841 
4762 42850 
4763 42859 
4764 42868 
4765 42877 
4766 42886 
4767 42895 
4768 42904 
4769 42913 
4770 42922 
4771 42931 
4772 42940 
4773 42949 
4774 42958 
4775 42967 
4776 42976 
4777 42985 
4778 42994 
4779 43003 
4780 43012 
4781 43021 
4782 43030 
4783 43039 
4784 43048 
4785 43057 
4786 43066 
4787 43075 
4788 43084 
4789 43093 
4790 43102 
4791 43111 
4792 43120 
4793 43129 
4794 43138 
4795 43147 
4796 43156 
4797 43165 
4798 43174 
4799 43183 
4800 43192 
4801 43201 
4802 43210 
4803 43219 
4804 43228 
4805 43237 
4806 43246 
4807 43255 
4808 43264 
4809 43273 
4810 43282 
4811 43291 
4812 43300 
4813 43309 
4814 43318 
4815 43327 
4816 43336 
4817 43345 
4818 43354 
4819 43363 
4820 43372 
4821 43381 
4822 43390 
4823 43399 
4824 43408 
4825 43417 
4826 43426 
4827 43435 
4828 43444 
4829 43453 
4830 43462 
4831 43471 
4832 43480 
4833 43489 
4834 43498 
4835 43507 
4836 43516 
4837 43525 
4838 43534 
4839 43543 
4840 43552 
4841 43561 
4842 43570 
4843 43579 
4844 43588 
4845 43597 
4846 43606 
4847 43615 
4848 43624 
4849 43633 
4850 43642 
4851 43651 
4852 43660 
4853 43669 
4854 43678 
4855 43687 
4856 43696 
4857 43705 
4858 43714 
4859 43723 
4860 43732 
4861 43741 
4862 43750 
4863 43759 
4864 43768 
4865 43777 
4866 43786 
4867 43795 
4868 43804 
4869 43813 
4870 43822 
4871 43831 
4872 43840 
4873 43849 
4874 43858 
4875 43867 
4876 43876 
4877 43885 
4878 43894 
4879 43903 
4880 43912 
4881 43921 
4882 43930 
4883 43939 
4884 43948 
4885 43957 
4886 43966 
4887 43975 
4888 43984 
4889 43993 
4890 44002 
4891 44011 
4892 44020 
4893 44029 
4894 44038 
4895 44047 
4896 44056 
4897 44065 
4898 44074 
4899 44083 
4900 44092 
4901 44101 
4902 44110 
4903 44119 
4904 44128 
4905 44137 
4906 44146 
4907 44155 
4908 44164 
4909 44173 
4910 44182 
4911 44191 
4912 44200 
4913 44209 
4914 44218 
4915 44227 
4916 44236 
4917 44245 
4918 44254 
4919 44263 
4920 44272 
4921 44281 
4922 44290 
4923 44299 
4924 44308 
4925 44317 
4926 44326 
4927 44335 
4928 44344 
4929 44353 
4930 44362 
4931 44371 
4932 44380 
4933 44389 
4934 44398 
4935 44407 
4936 44416 
4937 44425 
4938 44434 
4939 44443 
4940 44452 
4941 44461 
4942 44470 
4943 44479 
4944 44488 
4945 44497 
4946 44506 
4947 44515 
4948 44524 
4949 44533 
4950 44542 
4951 44551 
4952 44560 
4953 44569 
4954 44578 
4955 44587 
4956 44596 
4957 44605 
4958 44614 
4959 44623 
4960 44632 
4961 44641 
4962 44650 
4963 44659 
4964 44668 
4965 44677 
4966 44686 
4967 44695 
4968 44704 
4969 44713 
4970 44722 
4971 44731 
4972 44740 
4973 44749 
4974 44758 
4975 44767 
4976 44776 
4977 44785 
4978 44794 
4979 44803 
4980 44812 
4981 44821 
4982 44830 
4983 44839 
4984 44848 
4985 44857 
4986 44866 
4987 44875 
4988 44884 
4989 44893 
4990 44902 
4991 44911 
4992 44920 
4993 44929 
4994 44938 
4995 44947 
4996 44956 
4997 44965 
4998 44974 
4999 44983 
5000 44992 
5001 45001 
