0 0.0
1 5.07500765424
2 4.36828306282
3 6.77516509439
4 4.68028082905
5 3.72761009909
6 5.61086912263
7 5.24819443712
8 3.94519690607
9 3.90579031174
10 3.82442288813
11 8.32220574426
12 5.941664039
13 6.35418114105
14 3.25684493616
15 3.61217087488
16 4.19938261339
17 4.44512727845
18 3.51513323416
19 7.49546666786
20 3.71242293915
21 4.69160975865
22 4.99994518973
23 3.86186584022
24 3.10682139671
25 5.36766312119
26 3.78649560371
27 3.19294744427
28 4.32610413097
29 6.64467411388
30 8.32220574426
31 6.22522183715
32 3.91141589678
33 9.24915259911
34 6.71388014206
35 6.87209997213
36 5.9864095167
37 5.31371116103
38 4.86787161553
39 6.99977875735
40 5.1989369148
41 7.5895478025
42 9.69893009769
43 4.16121503206
44 4.41281231428
45 5.27822700328
46 4.60946199639
47 4.76529873403
48 3.55629175356
49 5.25603921932
50 4.48459745518
51 3.70294617096
52 5.95783751661
53 9.81652160262
54 4.29103879149
55 5.8383630042
56 5.62262612487
57 4.38640194367
58 4.13034207892
59 4.47450292053
60 3.6307274113
61 4.39078268368
62 3.96580196222
63 3.23822097182
64 8.63752038246
65 5.42655363394
66 4.30521079339
67 7.95246186256
68 6.50036589149
69 5.02429789124
70 2.97394803361
71 5.56893037126
72 7.28967294855
73 5.72191265892
74 10.8564885685
75 3.0753880858
76 3.39392728661
77 6.1177564656
78 5.380238453
79 3.78880720507
80 4.30182741804
81 4.15036633721
82 3.7648762941
83 12.8666592675
84 6.2427261133
85 5.51391939173
86 5.2742998903
87 6.12765957991
88 4.38723632819
89 7.6824777931
90 4.80447641906
91 4.54075465237
92 3.91563690683
93 4.47140519901
94 8.65489234475
95 4.02763304514
96 5.53892887487
97 8.32624524614
98 5.87059464843
99 6.28316051278
100 4.34719938789
101 4.8226086667
102 3.65754593047
103 4.81208421798
104 4.32989053533
105 4.19012110844
106 4.99949362484
107 3.41642838971
108 6.10133719301
109 4.5940215034
110 7.78089525398
111 4.56487731438
112 5.05900487625
113 11.3665898897
114 4.74237232409
115 5.11680456441
116 3.77845639556
117 4.76865546274
118 6.67695430021
119 10.8342401713
120 7.72025283596
121 6.08096323358
122 6.74212504045
123 6.16659049509
124 7.16291338465
125 6.48803086701
126 5.68198176704
127 4.93537994003
128 4.70213851406
129 4.32690846107
130 4.78805006481
131 4.67390239778
132 4.83095022908
133 5.12442563987
134 5.91990715926
135 3.64870281806
136 6.06342970235
137 5.590753513
138 3.5832623254
139 3.83866413345
140 6.54820895489
141 4.9835599013
142 5.60951464293
143 4.88694589182
144 6.0400683951
145 6.23370696413
146 6.17498448886
147 8.12827203748
148 4.44822726373
149 4.70060631638
150 4.18680998567
151 5.05689393668
152 3.67295536553
153 3.88939788189
154 4.60058047728
155 5.29214875103
156 5.99053790595
157 4.16107461802
158 4.02276276713
159 6.70319015401
160 4.66166539642
161 4.04574126378
162 4.39039504609
163 5.43160095682
164 5.18979700052
165 5.07280809662
166 5.39017013748
167 3.65731018569
168 5.79467289107
169 4.39529277878
170 4.89575841848
171 3.99946451641
172 5.79016542276
173 4.35550800086
174 9.52926859357
175 7.78803918928
176 5.34849022767
177 4.96827616236
178 5.10443991239
179 4.3212996983
180 5.86520847659
181 4.7518075035
182 3.9442364486
183 8.34518219838
184 7.66600199217
185 3.50288017444
186 3.53938551441
187 12.4119109063
188 4.0727719016
189 6.04763297315
190 5.42262995049
191 4.45138918335
192 5.06493604228
193 5.35460318766
194 6.59792148379
195 3.63433615322
196 5.38454207854
197 4.98521025061
198 4.09826946522
199 3.70944034568
200 4.34810973033
201 5.56473782262
202 4.62297939437
203 3.59798175213
204 8.8342924136
205 5.07289121616
206 5.06417169989
207 3.44340877088
208 5.63099995705
209 7.15001673702
210 9.61232559676
211 7.22645076927
212 9.8188339394
213 5.02777822792
214 12.1293546164
215 4.63656146613
216 4.18932152037
217 3.9493947333
218 10.5592608675
219 7.49934099821
220 6.71935530665
221 7.16898512152
222 7.67935377806
223 6.41998127369
224 3.90554936418
225 3.56990617154
226 6.30684530298
227 4.778894653
228 4.03057560988
229 3.77881904762
230 4.98779183782
231 5.65413552677
232 6.89564259729
233 4.44040281292
234 3.73813523328
235 5.05041625182
236 8.31832928659
237 6.61739023309
238 10.710504534
239 7.33781189979
240 3.50061981162
241 7.44263093205
242 4.22669296177
243 5.52783311041
244 4.27772873565
245 3.74751463502
246 7.83337466549
247 6.31351579782
248 5.43203001361
249 3.73829431531
250 3.78638197142
251 7.48073039266
252 4.45681644638
253 3.93038430691
254 7.19592478188
255 4.06797757492
256 9.82145085329
257 5.01318768138
258 7.1662156496
259 7.36876446914
260 5.44104027696
261 4.38041965425
262 3.59886712632
263 4.22703857747
264 8.92608241641
265 7.75165091675
266 3.76265118134
267 3.77217918583
268 7.8338956751
269 4.49818615895
270 6.43032191532
271 3.55142440332
272 6.4293233831
273 5.27835923058
274 3.46074351052
275 5.55551585047
276 7.31974351681
277 3.75236305893
278 6.65145501034
279 3.99795256479
280 5.95562147409
281 5.01446922256
282 4.12534480448
283 6.09077071715
284 8.708789302
285 4.23858934131
286 6.12355360328
287 6.49006057392
288 8.51031520359
289 7.85234830328
290 4.29996644503
291 5.1505636851
292 7.31382014133
293 6.70859297179
294 8.18571177957
295 4.9496812012
296 7.59616089828
297 5.8070036359
298 5.58301654283
299 4.1913818891
300 8.66608163578
301 4.92492659673
302 4.57048348991
303 6.19271789923
304 4.18745631903
305 5.91379820371
306 6.96931732995
307 5.85373245713
308 4.00726754034
309 7.22579315036
310 5.20791299589
311 5.19026533935
312 5.05478141621
313 3.74566411744
314 6.29247135615
315 4.97337347232
316 7.3460030184
317 3.78784222755
318 8.63050729535
319 4.1915267304
320 3.44648209127
321 3.47328162634
322 3.01164127106
323 3.66169483912
324 3.00323432838
325 3.42038911611
326 4.35242506899
327 6.46676246399
328 4.27491172122
329 9.03006556934
330 5.33764870762
331 4.04279952594
332 3.70489898275
333 5.66620305947
334 5.42023510114
335 4.75698510381
336 4.38585642638
337 4.51979427545
338 4.57207313162
339 3.6800411147
340 6.47254445808
341 6.89704000271
342 4.64865123809
343 4.82111481625
344 5.24681961232
345 6.9127935468
346 5.12856338982
347 4.96658227342
348 5.62318369439
349 4.45081859155
350 4.5613460765
351 4.61802632902
352 4.00718927566
353 6.63353994684
354 5.28578647456
355 3.71118407541
356 4.62201575259
357 6.56106944236
358 5.00624188416
359 5.71674573414
360 4.95435771783
361 6.35912029817
362 3.59386181457
363 6.70490493937
364 4.39843252867
365 4.24739661027
366 4.21771003814
367 4.41968905766
368 5.76702596982
369 4.61168365225
370 6.70761346717
371 11.6139487978
372 3.61010717301
373 4.58679698879
374 3.73461204198
375 5.17249792165
376 5.03582785373
377 4.52111342291
378 7.25420329234
379 4.50408582468
380 5.6110650706
381 5.13051125488
382 3.7701173303
383 4.93027433899
384 9.92349891982
385 3.71416131016
386 7.06968119457
387 5.58371985232
388 7.71172597108
389 3.49188537142
390 5.56035340197
391 4.83244164514
392 3.82970593033
393 3.50463373821
394 4.18278228269
395 5.1018086225
396 4.29017151648
397 4.80505097876
398 4.50241913331
399 8.52341008133
400 4.40654586259
401 4.55089481368
402 4.71413318095
403 3.917676396
404 6.15545951369
405 4.0452265679
406 6.01178623742
407 7.6746496924
408 6.51753954355
409 4.51104599187
410 5.04408236873
411 7.33899699306
412 4.52575833247
413 4.13871642113
414 5.39026777196
415 4.79488424573
416 4.82744869407
417 7.91771209587
418 5.99825700263
419 4.72864588274
420 4.96488893798
421 5.92384003348
422 3.66493364572
423 3.43828313441
424 5.16505133092
425 7.99167126384
426 4.65629325587
427 5.093975519
428 5.55645125862
429 6.13877747259
430 5.62921411267
431 9.16011548445
432 5.02446071119
433 6.24804668023
434 4.70225579444
435 5.11390454229
436 5.08749324658
437 6.26541934697
438 4.23547882288
439 4.54748634206
440 8.12982487408
441 7.24126296289
442 6.01278915526
443 4.54509777199
444 7.87297684458
445 3.56586926963
446 4.41557578078
447 9.29335749658
448 5.32933695497
449 4.61616827784
450 4.42637238814
451 8.52182784916
452 7.52106011441
453 3.665526584
454 3.43524511039
455 5.34216361622
456 7.22149471786
457 4.24119845383
458 4.48904329074
459 4.4545162094
460 6.71179737812
461 7.14587531776
462 5.74399743453
463 6.84978749762
464 6.00999309299
465 5.58116057483
466 6.03379577569
467 10.229005282
468 10.4449904039
469 5.47264248847
470 5.04573410652
471 6.48852170571
472 4.24310460038
473 3.34501538085
474 7.53787552714
475 3.71902969625
476 5.68116864891
477 4.51158014633
478 4.3731516822
479 3.35342710792
480 4.60622146236
481 5.72668232951
482 3.89009648135
483 3.68908209593
484 5.3980354878
485 4.43112807337
486 5.96090950509
487 3.88493761784
488 4.20945202072
489 7.37136825944
490 6.50179442892
491 5.70569505434
492 5.23245481863
493 6.55499775719
494 3.98386553032
495 7.31841758453
496 4.02534660734
497 5.88661996249
498 8.01296526442
499 4.58493540916
500 5.84138333521
501 4.47885909736
502 4.01644231869
503 3.53751433765
504 6.41703737576
505 6.54424384751
506 3.98592267159
507 7.89845026671
508 5.67071381164
509 8.54889200493
510 4.19340048359
511 4.63539025811
512 6.45281675798
513 4.98248619928
514 6.86397919382
515 8.09130030657
516 3.86564226688
517 5.87801911438
518 3.62311775443
519 4.0408213745
520 3.18625507251
521 6.81474953574
522 3.54904002157
523 11.0083894425
524 6.24915217457
525 5.24605502061
526 7.63215437696
527 4.30290899739
528 7.48514078065
529 13.7588054436
530 6.56981343419
531 5.62859472511
532 7.57731948613
533 3.9132165619
534 3.32674983547
535 4.62048709647
536 7.71223237473
537 4.56501375783
538 4.85966511774
539 3.73271878517
540 18.0689844914
541 5.08782794713
542 6.25304930525
543 5.67488468706
544 5.8796033223
545 6.12204469833
546 3.56277938978
547 7.44653885911
548 6.82552654151
549 3.98779639609
550 3.89777980825
551 5.49055520583
552 5.66092791617
553 6.28259833369
554 8.48897030462
555 4.99019691204
556 4.30249413121
557 4.37712087032
558 4.20708867837
559 3.6638096925
560 5.37260451422
561 9.38068467652
562 7.06490742966
563 8.53389100725
564 5.95499666851
565 4.95343980895
566 5.72047399933
567 6.8379847067
568 6.26016595597
569 6.49388027568
570 4.83544778966
571 5.03117057498
572 10.605059879
573 9.58782837871
574 5.36557131174
575 10.229005282
576 3.29870092982
577 6.16697193727
578 7.20770428017
579 3.62769043017
580 3.54726577093
581 4.32654175167
582 4.78141700372
583 4.73126052404
584 4.00651242997
585 4.30922871712
586 5.84114158559
587 5.84185721352
588 6.20225946816
589 5.55208932259
590 6.83138198782
591 4.40351567688
592 8.46935524389
593 7.58360586123
594 7.73481474045
595 6.66296248027
596 6.7384616478
597 5.50584515047
598 4.86182638574
599 4.52508033639
600 6.99557261956
601 5.51136324292
602 6.5899330346
603 11.0802191649
604 10.229005282
605 5.06384218558
606 5.8760371106
607 3.60548129665
608 6.2469401337
609 6.49916842596
610 8.57168862999
611 4.4771468249
612 5.42038579174
613 6.14405176883
614 5.56956425376
615 6.99940452922
616 6.88943106332
617 4.08488364842
618 4.09662873046
619 4.35294420074
620 4.08243699284
621 9.59080569682
622 5.95000838601
623 5.4782381786
624 8.19817963285
625 8.74305053332
626 6.32529182776
627 5.79443565427
628 4.59453340712
629 4.80408578817
630 5.49106523508
631 5.81838762746
632 4.39259877921
633 8.53142785968
634 8.04978690388
635 4.26603886666
636 7.12972677107
637 6.30529608984
638 3.43036882295
639 5.63360105445
640 7.51524040546
641 3.59582334962
642 6.64970563365
643 6.54065491738
644 6.88002966872
645 3.3475007768
646 4.32332174251
647 6.92546462152
648 4.16917135092
649 3.52980243056
650 10.0530711201
651 5.15022726674
652 8.60461212878
653 12.2364589105
654 10.8686746831
655 4.58330051918
656 3.68866156798
657 3.99538751275
658 3.77903796918
659 4.56107099543
660 6.86909755073
661 3.67456460844
662 4.56180416203
663 4.50467361968
664 9.37149999636
665 7.20620425307
666 4.86712819221
667 3.92521068267
668 4.4506760982
669 3.94415671683
670 3.79962564361
671 3.84409004019
672 7.88781205486
673 4.76926248182
674 5.87596544018
675 5.23277378146
676 5.65730635237
677 6.15908993856
678 4.22071610233
679 4.67200392631
680 6.50568400504
681 4.45058881571
682 4.27130872612
683 4.40089964425
684 3.90856230358
685 3.96568302536
686 3.70982704787
687 8.47520676982
688 4.08903582583
689 7.7543381471
690 5.01014976138
691 6.36954725089
692 5.17100776166
693 7.33425720755
694 4.73462250833
695 4.81232825647
696 4.63773271993
697 5.81009891955
698 6.6047980135
699 5.91344593494
700 4.69681652211
701 4.50270413581
702 4.81154514707
703 4.52876251026
704 3.94835767987
705 4.01172722302
706 3.58544518838
707 4.25060017053
708 2.99275932856
709 3.79670068051
710 7.61820317208
711 6.49989379677
712 4.79373510918
713 6.94252930666
714 5.77658937954
715 5.02551046688
716 6.0798668268
717 5.73527066631
718 4.99635842523
719 6.78356786833
720 5.64745718738
721 5.37577994873
722 5.63278879088
723 5.64251768458
724 3.84485930852
725 3.43338379928
726 7.28931990807
727 3.68605006066
728 3.03309557068
729 5.51666018915
730 5.66608517385
731 5.3221220372
732 5.25193048961
733 4.53939023702
734 4.22039299023
735 5.73263608876
736 9.08110799575
737 4.72742887148
738 7.10767945449
739 6.29589113283
740 5.12055354935
741 7.75221043771
742 8.75317908624
743 5.03682196878
744 5.37474415008
745 9.64155167912
746 13.4707018013
747 7.63885922323
748 10.7540557953
749 3.9859054473
750 3.48117305994
751 3.70057540601
752 9.48557386672
753 6.83536359669
754 6.68576165371
755 4.38502615719
756 5.65508618404
757 4.32118134688
758 3.71913012089
759 4.84184116113
760 4.86357921896
761 7.03667851588
762 4.72873188173
763 5.07445248891
764 5.84355537719
765 6.27395196441
766 6.65439178047
767 10.3461854986
768 4.12016270636
769 4.00939869727
770 4.22152410293
771 10.0139512041
772 4.28711708171
773 5.22615618907
774 4.64586189765
775 3.58605883298
776 3.29578898674
777 5.98393368116
778 4.66769827386
779 7.34838863113
780 4.17037477765
781 3.41159252424
782 4.84409279731
783 9.93805338599
784 6.36081134359
785 4.34805669043
786 10.023622445
787 5.5897825748
788 5.00383673369
789 3.83278402505
790 6.35659300941
791 6.40830390071
792 7.3464799623
793 4.1554218529
794 6.32310627239
795 7.54245948036
796 3.62582890183
797 4.01129462509
798 7.34104895368
799 4.04136712455
800 4.08120700711
801 4.27138639443
802 3.57382143957
803 3.96286074679
804 7.65629110394
805 4.94447328491
806 4.83532823957
807 4.49685822382
808 4.81660396102
809 3.3236727319
810 4.63749511612
811 5.55668727414
812 3.90835470402
813 4.25808249025
814 5.99106242186
815 6.34397097688
816 4.28601742935
817 7.71859039489
818 4.03248722218
819 6.4152736565
820 6.77456240376
821 5.50252163877
822 5.38411431836
823 6.5476726165
824 9.80924305488
825 3.61034312088
826 5.16966187356
827 4.62669932468
828 5.17901196832
829 4.47334815994
830 5.76873690668
831 4.15988054116
832 5.72869989047
833 6.49298008203
834 7.97788655103
835 5.57182742201
836 5.59586904037
837 4.86624039838
838 4.77606966427
839 6.93739260204
840 6.48300747171
841 6.04266256712
842 4.27917136449
843 4.04438836285
844 6.71021506264
845 5.50725518047
846 4.1127897394
847 4.65752484261
848 3.49886927456
849 5.10491047687
850 4.22874756451
851 7.74556397906
852 8.83973406861
853 5.53918111434
854 4.44744326399
855 4.77022967494
856 4.34725884314
857 5.92712622517
858 4.85551462541
859 4.01704747757
860 10.9708134062
861 4.85140727064
862 5.08277930784
863 12.6319128861
864 3.52141739378
865 3.68985166385
866 12.4338283816
867 6.98761589591
868 5.40537807226
869 3.99138695632
870 4.46225356792
871 5.28712561574
872 3.4558824555
873 10.8276221393
874 6.04778152243
875 5.29636512959
876 8.52464729795
877 3.51969996636
878 6.06253362085
879 7.22884714898
880 6.37731520526
881 7.425899527
882 8.94601890066
883 4.14349799848
884 4.14049317283
885 4.07076356036
886 5.61438666416
887 6.19612309829
888 5.05318466434
889 4.60252017293
890 4.95004112263
891 4.24972622928
892 8.49996201685
893 6.70246799921
894 5.09338936087
895 5.71543281038
896 10.8558247851
897 5.6859004212
898 4.67164998322
899 7.00011051091
900 10.7712712319
901 9.35919101047
902 8.34914376358
903 5.73287672601
904 8.51928577191
905 4.638425328
906 3.79291642931
907 6.06345265186
908 8.96622584854
909 5.22585937298
910 4.52566493592
911 4.04989411865
912 8.10185234379
913 5.50143979566
914 3.7304812761
915 3.89069878971
916 4.99166272628
917 8.37517754363
918 3.86580067703
919 4.64878011845
920 3.5883083262
921 7.09739610273
922 4.19017298199
923 5.58710855719
924 6.81593233523
925 4.0144396803
926 5.6743615394
927 5.07950069444
928 4.3631585007
929 6.16032734291
930 7.70390443506
931 4.36322409863
932 8.51736704632
933 4.94618338942
934 6.23466231701
935 4.46185622965
936 7.57744793974
937 4.4925535045
938 4.4029519577
939 4.88486171209
940 5.63292273425
941 4.58428051994
942 6.4981708427
943 5.34528106059
944 8.0973756798
945 3.77246700994
946 4.31619564748
947 7.09407205164
948 6.09316517821
949 3.81650309992
950 3.06212662108
951 3.84041181907
952 6.03686479653
953 4.91290369596
954 5.69257366403
955 5.92436485544
956 4.02221120494
957 4.59012511477
958 4.88808149046
959 4.67056377454
960 8.24977896332
961 3.5835674245
962 5.03087840016
963 4.97967079334
964 8.59478470854
965 5.54422021469
966 6.14541487072
967 6.10092713633
968 6.72647541633
969 3.65733022937
970 7.0999211451
971 4.32559708666
972 4.11998627916
973 5.4851954705
974 8.84516410497
975 6.84532004764
976 4.34640195341
977 5.23404903524
978 8.84031339073
979 5.98557959281
980 4.3341662356
981 4.05387072735
982 5.90908955437
983 5.39949792152
984 6.21921424188
985 4.70759714913
986 6.50090668963
987 5.01191781792
988 5.34340850367
989 6.37678906383
990 4.7032409556
991 5.79001496633
992 5.14929426578
993 5.13689690932
994 6.60667937119
995 4.92309606814
996 6.72183543932
997 5.62464294589
998 5.26376982089
999 5.45765360886
1000 7.14766410143
1001 3.74229247324
1002 5.25562910473
1003 4.85359212633
1004 5.57037949633
1005 3.76583168301
1006 4.30000327934
1007 3.5881706144
1008 6.67422004211
1009 9.35729312727
1010 4.71300433434
1011 4.46636408072
1012 4.54734320534
1013 4.3721230881
1014 3.76942288317
1015 5.20879816894
1016 4.20581338769
1017 12.1303856198
1018 4.45764330285
1019 6.11736120916
1020 5.21551242548
1021 5.24638613974
1022 4.28948280116
1023 4.38320878954
1024 5.73780203948
1025 5.24633674392
1026 5.15359016623
1027 4.28201288711
1028 5.58919310145
1029 4.7130275702
1030 4.63044805439
1031 3.79909104441
1032 4.13981128143
1033 4.13271239923
1034 5.345470459
1035 4.20115952518
1036 4.17929923974
1037 7.6175941572
1038 4.10601257112
1039 4.65015637025
1040 7.27458698014
1041 10.3836450804
1042 4.43207323652
1043 6.11230956476
1044 5.68899286403
1045 6.7315728228
1046 5.04727392044
1047 3.57027960853
1048 4.54143342922
1049 6.18174825961
1050 3.4827710394
1051 3.57307456975
1052 6.6671984035
1053 14.6949514173
1054 7.48838898307
1055 4.78027569805
1056 6.70369237164
1057 6.57625864294
1058 4.05022384698
1059 7.38826403474
1060 5.86117725792
1061 3.99442132426
1062 4.17104828227
1063 5.82056028761
1064 3.53364529823
1065 9.73732374596
1066 4.66113602199
1067 3.94800149986
1068 3.64739524486
1069 5.9270022865
1070 13.1807771721
1071 4.38721269743
1072 4.86918773974
1073 6.4103640664
1074 4.29234561318
1075 3.89395692274
1076 5.88457592102
1077 10.0765991255
1078 5.83204675525
1079 5.83150952294
1080 5.86570545478
1081 5.42180447502
1082 5.31203213634
1083 8.28702223264
1084 4.03852572036
1085 6.75884906428
1086 4.76472948393
1087 4.88678524709
1088 5.66455473454
1089 4.87131523875
1090 5.23727373598
1091 8.4935348221
1092 5.75909077813
1093 6.66214758451
1094 6.22514292312
1095 5.74979526042
1096 6.63825598576
1097 4.24405054978
1098 6.19163489999
1099 5.11541694483
1100 5.02029063518
1101 5.46692119601
1102 7.53151163111
1103 3.33210467721
1104 5.51971212424
1105 4.18301382795
1106 5.44363580989
1107 6.99009301196
1108 8.12763728437
1109 5.17594546518
1110 5.3917435945
1111 5.59658909409
1112 5.30544014075
1113 5.74620697918
1114 10.9881472922
1115 9.00098579686
1116 3.72526211527
1117 4.42987960434
1118 4.04552431113
1119 4.37011981536
1120 11.5306957179
1121 7.15513174056
1122 7.28998569039
1123 3.46136042469
1124 3.42529247153
1125 4.05955796184
1126 3.77656426519
1127 3.28292044763
1128 5.50495428367
1129 5.33658671355
1130 5.55368062503
1131 5.70767520275
1132 5.16919450201
1133 10.2092029836
1134 3.86369439451
1135 5.84811026141
1136 5.16977839278
1137 5.97585934188
1138 3.93066173457
1139 8.32410245117
1140 6.72453880662
1141 5.37710712233
1142 3.87130801466
1143 4.18087048394
1144 4.15350368615
1145 3.61394926576
1146 6.72651634997
1147 5.44964046266
1148 4.78032751106
1149 3.70199450394
1150 4.21124021022
1151 7.6003545359
1152 5.31112477321
1153 5.15099707914
1154 3.7262300218
1155 4.95183588494
1156 12.7274985181
1157 4.50762492208
1158 5.38464162132
1159 5.57947716974
1160 4.80563922494
1161 4.5985374019
1162 4.38512337112
1163 5.38435368512
1164 5.99494017172
1165 12.1800547006
1166 3.89781143666
1167 4.37725208993
1168 7.02212803509
1169 4.87251303999
1170 6.57505388375
1171 5.52342211311
1172 5.12129576486
1173 3.59188591549
1174 4.22533176701
1175 3.69139123335
1176 3.61124733336
1177 8.12621909829
1178 5.80667938997
1179 5.08331176913
1180 5.11576231874
1181 4.3462607512
1182 7.19663488609
1183 7.5051486272
1184 3.61745942733
1185 4.46719478342
1186 5.03267403334
1187 8.75368530556
1188 3.94133405862
1189 3.51633820299
1190 7.1148899384
1191 4.52586256592
1192 5.5560340795
1193 5.6980759423
1194 4.3311637276
1195 6.97438206119
1196 5.27699799985
1197 4.80842259845
1198 4.5324528143
1199 7.64814479045
1200 4.84419803305
1201 4.45993564116
1202 5.58323675986
1203 3.54036277157
1204 4.40807817889
1205 8.9986745909
1206 5.9207856505
1207 10.3998708836
1208 5.90267172323
1209 5.7227526302
1210 3.48500086351
1211 4.50726883165
1212 3.77607077599
1213 3.64458335062
1214 3.55807969913
1215 3.63856256435
1216 4.31958808094
1217 4.18501087841
1218 4.86281696103
1219 3.85235559602
1220 11.6472062938
1221 3.62147722618
1222 7.41387911079
1223 7.60316174619
1224 3.4436038549
1225 4.13379130957
1226 3.90098896447
1227 3.65902470526
1228 4.92581721835
1229 5.82477572724
1230 3.95608716477
1231 3.37855102552
1232 3.92590854629
1233 6.34132290814
1234 4.84433546478
1235 4.65968967706
1236 4.0899498733
1237 8.45183294562
1238 4.77075013176
1239 4.1853106062
1240 5.72148984724
1241 6.00968983089
1242 6.00282848453
1243 4.57682639036
1244 6.22078210962
1245 4.1478043182
1246 6.56688098026
1247 6.01495746146
1248 5.54488934192
1249 4.29855386538
1250 4.86587373495
1251 7.92595435364
1252 4.56975486687
1253 5.5531824904
1254 3.53459636923
1255 4.17907583353
1256 4.4617733039
1257 3.34224806161
1258 9.52285690203
1259 6.15322368099
1260 5.27346841958
1261 4.55252967142
1262 4.18023340439
1263 5.70113583278
1264 3.78230161717
1265 4.47156592146
1266 9.09455138911
1267 6.02854435434
1268 4.39926855938
1269 4.59704947151
1270 6.45047889086
1271 5.38752194795
1272 5.37607175812
1273 6.36257295882
1274 5.05676753204
1275 7.08764299197
1276 5.70241890135
1277 4.9325425849
1278 3.66168082758
1279 4.13400452837
1280 5.42633603241
1281 4.59336563728
1282 3.97934685382
1283 3.45996775053
1284 4.07761356264
1285 4.63580749201
1286 4.2659800671
1287 5.43784323663
1288 6.36107195805
1289 3.96695927355
1290 6.54597630408
1291 5.03588701432
1292 8.25095338093
1293 3.46257451433
1294 5.54191239356
1295 3.31888331617
1296 6.13968099344
1297 4.3926811405
1298 4.2233509464
1299 4.71200075594
1300 6.10566797266
1301 5.87971902937
1302 3.78246574014
1303 5.7824421075
1304 4.49783256235
1305 4.48190880114
1306 6.40259230169
1307 6.14321280721
1308 4.01913241017
1309 6.09149356253
1310 4.53454648727
1311 4.61936577804
1312 9.88482279488
1313 6.0615564824
1314 6.63791019461
1315 4.88623576685
1316 4.02942247178
1317 4.38505698162
1318 7.41831537797
1319 4.41634205565
1320 6.1580300663
1321 17.6739227686
1322 5.15481939879
1323 4.20045348161
1324 7.43201630596
1325 10.8156079922
1326 6.60133930601
1327 4.13499873381
1328 4.95850538515
1329 3.37817863874
1330 4.29190096152
1331 6.54433554953
1332 3.26376708698
1333 4.48141393934
1334 4.81753203895
1335 3.87384371262
1336 4.62916731371
1337 8.60203990662
1338 5.52956475476
1339 3.67277831557
1340 3.41291650255
1341 6.68391547877
1342 5.39951302701
1343 5.97460872475
1344 4.53304368393
1345 3.50441506136
1346 4.85861171617
1347 3.84552441225
1348 4.4611646191
1349 6.75296263178
1350 4.76563858325
1351 5.9320586701
1352 5.16868000468
1353 4.69578548611
1354 6.5728773073
1355 3.89386417594
1356 4.55204535138
1357 4.03168175605
1358 3.95948079931
1359 4.91613140853
1360 4.87533082077
1361 3.83305329322
1362 4.56983308216
1363 3.55302265054
1364 4.21849705812
1365 3.52504919634
1366 3.92261638398
1367 4.4468661541
1368 5.76053726134
1369 4.93735777591
1370 5.83207275311
1371 5.18012699766
1372 6.67266208427
1373 5.50608658227
1374 11.4187697886
1375 12.3861363422
1376 7.55908590743
1377 4.43232908098
1378 7.50235771191
1379 8.69856547031
1380 4.57675455171
1381 7.85496092477
1382 5.45692126109
1383 4.38642121867
1384 4.97043557089
1385 8.1281156525
1386 8.01416605124
1387 4.78125277179
1388 6.27370543737
1389 4.417681297
1390 5.53230969836
1391 3.45548156209
1392 7.51928808554
1393 6.81130301328
1394 6.90952139408
1395 6.7657037609
1396 5.90291544429
1397 5.93679210614
1398 4.63688608168
1399 5.77050733124
1400 5.05125154816
1401 5.1367789342
1402 7.70302839221
1403 4.82492796037
1404 7.39945440549
1405 8.67500587672
1406 7.24957509818
1407 4.01280664355
1408 4.22541460447
1409 4.5190876997
1410 5.44751147149
1411 5.2020934066
1412 4.05023130571
1413 4.66358596294
1414 5.25505943798
1415 6.59484291898
1416 5.14581845748
1417 4.41979361539
1418 4.38894883911
1419 3.92443326705
1420 3.50457787704
1421 4.93550304446
1422 7.26540072192
1423 4.15543510805
1424 6.81820475875
1425 6.90986650679
1426 4.12113767931
1427 5.87998112104
1428 4.0481341526
1429 6.75805412498
1430 3.42688706987
1431 5.1664308604
1432 4.75882371385
1433 6.10801009541
1434 6.88252334027
1435 6.85667359149
1436 6.14322595378
1437 4.46803981891
1438 4.66102781199
1439 4.93690061334
1440 9.48433122097
1441 7.9051377914
1442 6.69397528837
1443 3.6717004717
1444 7.02674009955
1445 6.61955194391
1446 4.1270883352
1447 3.7090327898
1448 7.24126710534
1449 3.66721712004
1450 6.22471132972
1451 7.82788369606
1452 8.00401897092
1453 7.41106927978
1454 6.82060378281
1455 3.86411158838
1456 5.09397488259
1457 6.35387557908
1458 4.40981984033
1459 5.74548251446
1460 6.8052439381
1461 5.67916522395
1462 7.2258717923
1463 4.8945142388
1464 6.0740854513
1465 3.29605992782
1466 5.08932367296
1467 5.47281400884
1468 3.62584364991
1469 9.97685041123
1470 9.82562564709
1471 4.16760430352
1472 4.99288869126
1473 5.0829415109
1474 3.17513392441
1475 5.82503245519
1476 3.44233369399
1477 7.7740510664
1478 5.76288725574
1479 3.38087708543
1480 4.02703817118
1481 8.81366553108
1482 5.52143923982
1483 5.06575427398
1484 7.6616468551
1485 7.2602766384
1486 6.39958186208
1487 6.41468313877
1488 3.7290354416
1489 8.76092142857
1490 3.72989615994
1491 3.63093671449
1492 4.53295687623
1493 3.8630793545
1494 5.12673851375
1495 5.08257302029
1496 5.22194560605
1497 4.59718236668
1498 17.923559208
1499 10.1969959833
1500 7.90228646365
1501 3.09760915813
1502 10.4335325574
1503 7.33806743015
1504 7.19593563531
1505 4.26510622112
1506 7.91619464054
1507 3.53358358202
1508 6.57150775541
1509 3.92922684885
1510 5.91070797289
1511 4.36535761972
1512 8.5205748304
1513 6.00153434648
1514 3.82723700873
1515 3.46078407942
1516 3.73162970533
1517 4.48061774613
1518 6.74345975855
1519 5.7456463929
1520 8.5816926456
1521 5.29699284729
1522 5.59885437586
1523 7.71077207658
1524 4.72675404449
1525 5.11209711033
1526 4.61162582446
1527 5.56878312494
1528 4.96352136972
1529 6.65654822164
1530 5.8745052139
1531 6.28975232988
1532 7.01583383397
1533 4.71257106806
1534 3.96221503574
1535 8.51905671272
1536 4.52802488899
1537 4.30931723853
1538 4.92662025015
1539 7.58006300332
1540 6.26940967188
1541 9.80445205441
1542 5.1141373213
1543 3.26128484889
1544 5.47678541939
1545 5.96393728597
1546 4.46989082753
1547 4.8116771259
1548 5.61638088648
1549 3.19509615198
1550 4.39775817628
1551 3.25925687377
1552 8.52590862505
1553 4.50292865263
1554 3.58878805929
1555 8.35362646659
1556 5.0841080577
1557 7.24242461747
1558 3.32157918306
1559 7.35363159975
1560 2.99749512646
1561 4.33144956668
1562 5.69377665509
1563 5.49991790297
1564 5.63687878241
1565 3.79334730604
1566 3.61011002037
1567 3.89172533593
1568 7.14410000516
1569 3.48298031916
1570 4.07892732202
1571 5.84555511187
1572 5.85473601575
1573 11.843098814
1574 9.31738345628
1575 13.0596034134
1576 8.58961140197
1577 9.51453258306
1578 7.12596458515
1579 6.92212596845
1580 6.30109879419
1581 4.86309003893
1582 8.77173690593
1583 6.82904050554
1584 8.35362544909
1585 6.12529620276
1586 5.38329878887
1587 6.47175252221
1588 5.35210079027
1589 5.31457266592
1590 5.94176138131
1591 3.91910240621
1592 6.65695670393
1593 8.56522364277
1594 5.5152892063
1595 5.99886177828
1596 4.88528649316
1597 6.60732525194
1598 5.54661236762
1599 6.37933729265
1600 8.93516227872
1601 8.34171188692
1602 5.7525436397
1603 4.25634230874
1604 3.28718127816
1605 6.92786458198
1606 5.4148480964
1607 7.62847488414
1608 5.068099508
1609 3.7879503581
1610 8.06020261736
1611 4.17040802626
1612 7.17105381677
1613 5.56689054119
1614 3.44314539841
1615 8.48653614089
1616 4.10299759357
1617 7.34796893889
1618 6.43099213769
1619 4.93655762732
1620 4.61741989072
1621 3.96978320408
1622 5.35964449754
1623 3.63995449535
1624 6.0800269095
1625 4.4399442823
1626 3.56436531906
1627 8.04494633071
1628 3.77412866758
1629 3.91988206953
1630 4.10966104797
1631 4.29276632223
1632 6.66312792744
1633 4.23260755822
1634 3.93774634047
1635 4.48391771505
1636 5.88749523232
1637 3.74499177791
1638 6.58843121666
1639 3.85168188957
1640 3.41964720106
1641 3.72047217542
1642 5.98809981488
1643 5.66852186177
1644 4.44616345926
1645 5.90173133603
1646 6.30445678011
1647 6.08682291943
1648 7.86119559786
1649 6.32872917511
1650 5.59964644166
1651 5.16238028325
1652 6.18382455019
1653 4.96294563129
1654 6.46812730377
1655 10.8325841008
1656 5.16566274865
1657 3.89315603649
1658 6.41825440483
1659 3.61425704753
1660 4.30239450647
1661 5.49296918141
1662 5.83112553784
1663 5.09141301166
1664 8.44287784494
1665 6.62234051825
1666 4.65757992879
1667 4.36367376262
1668 3.64478585474
1669 5.88733350615
1670 6.26115354335
1671 5.91683443101
1672 4.78040660805
1673 4.61176059436
1674 4.74379413669
1675 3.9301412038
1676 3.50939289349
1677 3.85368993999
1678 4.13348206056
1679 4.75066291247
1680 7.4083705269
1681 4.68146098061
1682 5.04593732351
1683 4.91985784413
1684 4.0463642872
1685 4.00017878618
1686 7.0489628307
1687 4.83796307088
1688 7.4316580513
1689 5.191724661
1690 4.71257291133
1691 5.11615169338
1692 6.18698867901
1693 4.16332180386
1694 3.05740619359
1695 3.85985934461
1696 3.5166515482
1697 4.42028579716
1698 5.1525621939
1699 7.84759682172
1700 5.03497252916
1701 8.00982865484
1702 3.62052526322
1703 10.218061704
1704 6.79626147937
1705 8.14610085313
1706 11.3768558524
1707 7.58577158882
1708 6.86310382158
1709 5.96388239827
1710 6.99677154321
1711 5.71617844585
1712 4.89449643564
1713 4.75567363647
1714 3.31259624548
1715 6.5737688824
1716 3.19854739204
1717 5.45395768248
1718 5.07099614151
1719 4.81734296668
1720 8.11676779709
1721 5.70532913511
1722 4.36103853165
1723 4.75228290721
1724 4.34155196342
1725 5.942565746
1726 6.72722077044
1727 5.08249580588
1728 3.10578351911
1729 4.06456843433
1730 5.84693630865
1731 5.3666790643
1732 3.83153831444
1733 4.37987950551
1734 4.94682418301
1735 5.60266756035
1736 6.15894594601
1737 5.84534209661
1738 3.44636632625
1739 4.81954351294
1740 5.16095266767
1741 3.96606293832
1742 3.25996701789
1743 3.76971202152
1744 3.5655444345
1745 4.46048583281
1746 3.95414924742
1747 7.19535790398
1748 8.49616910366
1749 6.85529394376
1750 4.66707687921
1751 4.62414741551
1752 6.45246384
1753 6.70975298386
1754 3.86962195124
1755 6.58591440832
1756 4.97583440662
1757 3.60501306114
1758 5.22426830339
1759 5.82307450626
1760 6.16522317892
1761 5.93680707902
1762 5.14347237028
1763 3.89921715741
1764 5.13739363049
1765 5.38431464215
1766 4.18693737975
1767 5.51931290102
1768 6.21261689005
1769 4.23820087969
1770 3.57496355966
1771 3.68750225177
1772 5.50204898587
1773 3.63756084806
1774 4.54222898504
1775 5.24063580269
1776 5.08675550363
1777 7.87307137764
1778 3.15772717608
1779 4.75356882004
1780 3.4427868278
1781 6.89410977792
1782 3.57536917136
1783 8.17376005364
1784 4.17704247916
1785 3.64417771266
1786 3.9263565892
1787 8.22921389819
1788 3.52424123534
1789 5.56078658078
1790 4.70101900553
1791 5.00719337806
1792 5.13940443029
1793 4.2973748467
1794 3.870343364
1795 3.85496346934
1796 12.6052308953
1797 3.54739532504
1798 4.45549471819
1799 5.03823539903
1800 4.96946824796
1801 3.49268300404
1802 4.3349545763
1803 6.03327294568
1804 4.00882494848
1805 4.82086437943
1806 4.84659809921
1807 5.1241296979
1808 3.88956600065
1809 3.97080098819
1810 4.14688686884
1811 7.94216803779
1812 4.08834988781
1813 5.65454148817
1814 5.29685906608
1815 9.71729398269
1816 8.4300472806
1817 6.87138937517
1818 6.14854603416
1819 7.88242342569
1820 4.26169738709
1821 5.79290668427
1822 8.63548530325
1823 4.47590082089
1824 8.82545283019
1825 4.01450575319
1826 14.638359556
1827 3.7443710742
1828 8.08566085015
1829 7.21867589458
1830 6.1728076478
1831 5.51154467993
1832 5.44765842212
1833 4.09175159955
1834 5.32974764721
1835 4.15625827122
1836 5.49925217911
1837 7.32158308916
1838 4.61545839376
1839 5.47934034502
1840 4.38038567085
1841 6.0392861874
1842 5.6991335428
1843 3.6604483569
1844 4.75933242116
1845 4.84940953794
1846 5.21387539533
1847 10.3515552876
1848 4.53749930869
1849 5.77345402522
1850 3.95259566622
1851 7.79753578309
1852 6.12608712749
1853 9.54054282742
1854 12.0020313795
1855 5.59788429388
1856 6.72381492655
1857 9.60233162193
1858 6.36726229245
1859 8.04765505204
1860 8.28205703097
1861 4.31844548822
1862 5.88542038751
1863 4.20690922824
1864 5.27154514486
1865 3.67045948404
1866 3.74957191331
1867 5.68559393458
1868 4.39183928235
1869 5.3628891779
1870 4.71093698229
1871 4.60125435703
1872 7.12009098125
1873 4.97332206238
1874 5.23908688948
1875 4.98124489313
1876 6.11670501087
1877 5.61464949819
1878 4.23150756577
1879 5.73995454627
1880 5.47134764401
1881 5.90281088517
1882 4.59097764456
1883 4.49144926466
1884 4.94396730821
1885 4.40939810913
1886 8.07606480367
1887 3.58769347486
1888 6.21830063249
1889 8.77228500003
1890 5.31304135275
1891 5.28535713723
1892 3.81942932389
1893 7.89216471931
1894 4.05063767733
1895 4.94348737335
1896 9.11150365573
1897 4.90813543972
1898 5.56302731819
1899 3.39707698702
1900 3.97097835182
1901 11.2353335622
1902 6.36695368288
1903 10.9220171675
1904 6.26390200797
1905 5.38102142905
1906 4.279236978
1907 4.11975784917
1908 7.88267753571
1909 6.97451385663
1910 4.374688683
1911 3.93092315241
1912 8.82819528104
1913 6.38253620633
1914 5.70951298298
1915 5.07356711441
1916 6.21041065925
1917 8.67481022291
1918 6.82458237563
1919 6.26306514455
1920 5.05355808963
1921 8.40204402192
1922 9.16546163543
1923 9.36178169301
1924 6.59035781399
1925 10.2282722725
1926 7.82077827305
1927 7.79172451305
1928 5.38490825727
1929 6.77990329837
1930 5.83054514919
1931 5.22588801098
1932 4.64147904463
1933 5.76054911153
1934 7.99395045181
1935 6.32963759881
1936 8.95379291077
1937 3.04365030239
1938 4.03388310927
1939 6.72804990496
1940 5.7287371947
1941 4.85893760553
1942 3.70619650423
1943 6.3454733364
1944 8.42014528617
1945 4.6022660642
1946 3.18165573615
1947 4.62752615078
1948 4.46089215176
1949 3.38831349935
1950 3.60470731063
1951 5.10034620018
1952 7.13299826731
1953 4.30065769732
1954 4.40152057388
1955 6.11345794133
1956 4.25846362237
1957 4.14783695397
1958 4.63798074161
1959 5.73338371782
1960 3.59001237344
1961 5.30139616514
1962 3.58975476305
1963 5.88806226568
1964 4.14685067187
1965 5.19214222805
1966 4.33118210315
1967 6.31905185597
1968 4.12239924981
1969 6.61450867193
1970 4.2459893181
1971 5.55107036537
1972 3.83999334698
1973 5.73526189801
1974 4.45681644638
1975 5.46350427029
1976 5.69522006932
1977 5.12251365349
1978 5.3075890927
1979 5.23115616325
1980 8.70069296627
1981 5.71974288577
1982 6.27602043031
1983 5.39616149757
1984 10.7813262832
1985 4.93105028124
1986 6.76495575281
1987 7.9621598587
1988 8.89878079798
1989 5.00603768807
1990 5.76959913496
1991 7.61672414189
1992 6.1393772887
1993 5.0975560253
1994 5.68838232706
1995 4.68296738589
1996 6.45019273344
1997 11.015055118
1998 5.35421141726
1999 6.28799230921
2000 4.0509441256
2001 4.82855280454
2002 3.92109096394
2003 5.66443706812
2004 9.45042476152
2005 4.61684569832
2006 9.69896662857
2007 4.85787551238
2008 5.24884326328
2009 6.019474566
2010 4.10033968599
2011 8.45219045409
2012 4.93276940361
2013 6.06894243965
2014 5.68889467586
2015 6.10645418075
2016 6.13535722419
2017 5.41020140714
2018 3.50201238755
2019 6.02199355277
2020 5.64176634984
2021 3.91232897267
2022 8.59016542891
2023 5.04896995102
2024 5.97064382601
2025 4.32551876653
2026 7.22294225448
2027 4.33143774811
2028 3.95778491514
2029 8.64174291963
2030 4.70403777354
2031 6.92383072783
2032 5.22590334786
2033 6.12999721674
2034 5.46157848011
2035 5.07120356627
2036 4.91822130584
2037 4.07485920766
2038 5.29558709296
2039 5.93933836613
2040 3.79075293892
2041 5.58403024261
2042 3.66795039129
2043 5.45133275259
2044 5.44217703004
2045 6.14185730682
2046 7.12634357258
2047 6.01551286107
2048 7.4019035143
2049 4.74414998315
2050 3.66321223362
2051 9.02810127064
2052 5.96394542772
2053 5.76938593122
2054 4.03663054648
2055 5.54339221716
2056 4.34946174606
2057 4.3937138977
2058 6.23049539754
2059 7.84873943467
2060 3.60677126228
2061 8.35821158113
2062 4.02526738524
2063 6.09745289485
2064 3.50934377246
2065 4.10904677521
2066 9.52585881873
2067 6.71306605214
2068 7.13822130018
2069 4.99495895273
2070 3.82691564558
2071 6.79127046954
2072 10.9821891421
2073 6.34450125632
2074 3.54777586206
2075 4.20549394041
2076 4.677006864
2077 6.22451232463
2078 6.49829360623
2079 3.82177043267
2080 5.63140363286
2081 7.56085899757
2082 6.96180405406
2083 4.50882653504
2084 7.69243373111
2085 5.37796729482
2086 7.27951093014
2087 5.49893679961
2088 3.5072001452
2089 6.30921657887
2090 9.41177371061
2091 4.94011959748
2092 3.99344147678
2093 7.31036924083
2094 6.98204924058
2095 5.96233098109
2096 5.52321462367
2097 3.35873965593
2098 5.74293184593
2099 4.68877279073
2100 6.27440359246
2101 3.29992485314
2102 4.5090697411
2103 5.98870446068
2104 3.86317786423
2105 5.03212240877
2106 4.98119228402
2107 3.9112313484
2108 6.19977407418
2109 3.78250702993
2110 4.67665109094
2111 4.86137679986
2112 4.52319940721
2113 5.26600919125
2114 5.15958599887
2115 5.61528784517
2116 4.04193001795
2117 10.223774781
2118 7.90904862683
2119 5.9876748242
2120 7.84785869619
2121 5.77442656339
2122 5.09542593267
2123 5.67856481501
2124 10.5216265093
2125 7.83047007603
2126 7.65957750532
2127 5.39921899823
2128 5.32990629086
2129 3.51690418039
2130 6.83919314517
2131 6.25917446822
2132 5.7202018344
2133 5.96662945766
2134 5.24220895133
2135 4.62076025942
2136 4.67535621936
2137 3.89052981688
2138 7.63861097233
2139 4.73284274413
2140 6.21639179947
2141 8.46340632475
2142 5.6852259151
2143 8.12005690952
2144 7.24820072424
2145 6.85723725141
2146 3.7609442289
2147 6.24909931335
2148 3.3324069021
2149 3.62869154235
2150 3.5694687662
2151 5.41859385029
2152 9.09783950577
2153 4.07773198875
2154 7.1612669937
2155 7.04992585852
2156 6.86536671045
2157 10.1610117911
2158 4.17561602537
2159 5.14904552066
2160 7.40927546817
2161 6.19600473377
2162 7.69318199018
2163 5.43461091108
2164 4.41692226248
2165 6.35995597813
2166 6.31222632182
2167 5.00544462187
2168 5.80690577053
2169 13.0774542776
2170 6.32912608034
2171 8.60938015381
2172 5.3906544811
2173 4.24196661857
2174 8.55207535982
2175 5.72814574328
2176 5.3864179253
2177 5.23031670484
2178 5.08161596434
2179 7.04419449112
2180 9.07885601901
2181 5.54395259321
2182 5.76672411493
2183 4.98280879698
2184 4.42588665936
2185 7.09977009381
2186 6.88923842309
2187 5.94539379949
2188 4.38433023653
2189 4.51182304037
2190 5.42852599424
2191 5.09555189278
2192 5.33091319924
2193 4.71690991848
2194 3.85751440114
2195 6.85258875609
2196 7.00658148484
2197 6.0613479511
2198 4.08787674534
2199 5.59316173527
2200 3.89292700429
2201 4.788344553
2202 6.71529986148
2203 3.35644525463
2204 8.61497795837
2205 10.7126952009
2206 4.5331143044
2207 3.90499987883
2208 4.34402514032
2209 7.06989253404
2210 5.28027248161
2211 3.02191952676
2212 4.4836528759
2213 6.63153039876
2214 5.11907278513
2215 4.44704466124
2216 3.71140646209
2217 5.80633109317
2218 3.42211541661
2219 10.1988776873
2220 7.53455064104
2221 6.27087442568
2222 4.6213731226
2223 5.60835787682
2224 6.62438682018
2225 6.27759032715
2226 6.98850800995
2227 8.65607594458
2228 6.26343018434
2229 6.47451275883
2230 9.12055814677
2231 4.15380067711
2232 4.15498244992
2233 3.69606916587
2234 5.32903801931
2235 4.90636841619
2236 3.76568811495
2237 3.9011717155
2238 3.66010826584
2239 3.62970072375
2240 4.51016336462
2241 6.06315700045
2242 4.30392127901
2243 6.30306198703
2244 5.95266995939
2245 6.66946570844
2246 4.39096011619
2247 4.3541012486
2248 14.8787030918
2249 8.1487172627
2250 5.38309295794
2251 6.47053252784
2252 9.4199935124
2253 5.05080220778
2254 6.80562875574
2255 6.23152654626
2256 8.88215063603
2257 6.09487352805
2258 4.74233108347
2259 8.54342142268
2260 4.4268953797
2261 5.47556409301
2262 6.31923615879
2263 5.94940095157
2264 5.70284821346
2265 4.71125378461
2266 6.6730911919
2267 4.31384671288
2268 4.07644789851
2269 5.12860722778
2270 7.8005098536
2271 5.54484949273
2272 4.72251884552
2273 4.41197568051
2274 5.30858491964
2275 5.24147733281
2276 6.10943706847
2277 5.42242040498
2278 4.07474599056
2279 4.81384220484
2280 4.03536681155
2281 5.08972315049
2282 3.47693920479
2283 4.13946967087
2284 5.11003685493
2285 3.24069214449
2286 3.19170952075
2287 6.2193991575
2288 4.52073305271
2289 5.28177290684
2290 5.43474221516
2291 4.2853733935
2292 4.22604139147
2293 4.78620909678
2294 7.26092456969
2295 7.15768622735
2296 3.86836973477
2297 11.3175432058
2298 5.17613891955
2299 5.09422834792
2300 9.89843277088
2301 4.60775808018
2302 3.73863623514
2303 6.75323759935
2304 8.52573495834
2305 6.44412511408
2306 6.03504758844
2307 6.52315391916
2308 9.19919603568
2309 4.95437218944
2310 3.86836973477
2311 4.71136182444
2312 4.70548076876
2313 6.48270974333
2314 6.64268555021
2315 8.32795650178
2316 5.34154952991
2317 4.64564997524
2318 3.57270747252
2319 9.90594934942
2320 3.68940531007
2321 4.12632742491
2322 4.43902461942
2323 7.11549457387
2324 3.86836973477
2325 5.6155561453
2326 8.87714501949
2327 4.47978583454
2328 4.28561719862
2329 5.884831949
2330 4.12181509058
2331 3.60656393144
2332 5.1626372622
2333 3.74400171505
2334 4.11416401565
2335 6.31052751514
2336 5.83001814749
2337 6.42454409964
2338 4.34731328691
2339 4.28665016586
2340 8.00411897974
2341 5.69800412677
2342 5.01507065524
2343 9.15263702846
2344 5.43068007388
2345 5.37492720682
2346 6.50585705508
2347 3.36013606748
2348 6.14554819843
2349 4.76702978701
2350 3.79860238091
2351 5.43677633307
2352 5.07307446772
2353 4.16262702851
2354 4.87433278897
2355 5.37483586629
2356 3.82600535493
2357 5.61188514207
2358 4.14512452285
2359 10.0580476599
2360 7.95332743311
2361 8.91781404213
2362 7.57212717818
2363 6.5052946595
2364 9.18648253539
2365 5.07791943409
2366 3.614147219
2367 6.0432658195
2368 7.68367485514
2369 3.63399992011
2370 7.27360785834
2371 3.67128926295
2372 5.2805297028
2373 6.38463394268
2374 7.26370015967
2375 5.32595543451
2376 3.76260948303
2377 5.14089322877
2378 4.08992933046
2379 4.14658116767
2380 9.10600801683
2381 6.29184725631
2382 6.89315820163
2383 3.30452445761
2384 6.80592687481
2385 3.16523877098
2386 4.72932929075
2387 5.80107707565
2388 5.73298907848
2389 4.30912701129
2390 3.89904110809
2391 4.57627003674
2392 4.76867439728
2393 7.66416844089
2394 4.10637559999
2395 6.21102633604
2396 4.72844690765
2397 6.14035151681
2398 5.95950303922
2399 4.04046745302
2400 6.06963893051
2401 4.26850598327
2402 10.3098246014
2403 3.54893814749
2404 5.52367405431
2405 6.83624132976
2406 4.48998003452
2407 5.74874526894
2408 3.59469302987
2409 3.50070843246
2410 4.58106718266
2411 3.98540384577
2412 3.61990661039
2413 5.10599683085
2414 5.19139925278
2415 3.78728607243
2416 3.61867680312
2417 3.64494604063
2418 5.77985192628
2419 6.72841383369
2420 7.61204933955
2421 4.46536881475
2422 3.84208671843
2423 3.99880608987
2424 4.24541028631
2425 4.24915102425
2426 5.940882348
2427 4.82604739256
2428 4.57705715636
2429 3.78253042278
2430 5.29185505424
2431 4.24396776556
2432 3.8687497013
2433 4.28176095551
2434 5.52717541421
2435 4.16147459444
2436 5.18239089475
2437 4.49886990176
2438 5.04016332351
2439 3.62176215038
2440 4.91262693632
2441 4.97363752523
2442 3.81271362666
2443 4.37729932596
2444 3.49175936274
2445 4.57167248669
2446 4.06420000199
2447 5.66807381825
2448 4.47191042069
2449 5.75384215554
2450 7.49374442493
2451 7.97268742541
2452 10.2124749596
2453 8.84462658356
2454 5.3455570737
2455 3.994454272
2456 7.46757417498
2457 4.19585700824
2458 4.6784019855
2459 7.9087587229
2460 6.39416565219
2461 7.8300828738
2462 6.67117559091
2463 7.32345326117
2464 6.07420283171
2465 4.93037669885
2466 9.19304861074
2467 5.77371651813
2468 6.06351693565
2469 5.51544232165
2470 4.62105273318
2471 7.07504592499
2472 4.98080932171
2473 4.62981380348
2474 7.81358231813
2475 6.14139970377
2476 11.4285259955
2477 6.83162067071
2478 9.03819869022
2479 6.8723573579
2480 10.7625526022
2481 7.03666598558
2482 8.9322140011
2483 8.90497756264
2484 10.3027646845
2485 5.37479527692
2486 9.51870282179
2487 4.49186628834
2488 7.21297125073
2489 6.87600124805
2490 3.99947727552
2491 4.28082493818
2492 14.8368442195
2493 4.40711597284
2494 4.11121918028
2495 8.57107808776
2496 5.15129196815
2497 7.65054473551
2498 4.85306187434
2499 5.84685452926
2500 4.6552114909
2501 7.69314582716
2502 6.40889369615
2503 9.04949589258
2504 4.175038261
2505 5.71965488617
2506 7.4156291905
2507 4.01093942069
2508 5.35407176606
2509 4.74120007076
2510 3.29798123352
2511 7.89701347337
2512 7.72710049557
2513 4.28665388739
2514 6.67864367539
2515 4.46901647405
2516 6.22825639226
2517 7.2959390304
2518 8.52499348778
2519 7.98785428938
2520 6.57107006866
2521 4.16885994832
2522 5.80542123929
2523 3.62449462499
2524 4.98020915875
2525 7.35741760248
2526 5.3470133395
2527 5.54742351239
2528 4.60954919442
2529 5.90146633853
2530 4.54313784223
2531 5.05300667797
2532 6.72895231954
2533 7.57025820054
2534 4.23892288223
2535 7.58281787861
2536 5.12216687231
2537 6.59744197903
2538 4.8156459067
2539 5.90765686281
2540 3.98154618962
2541 3.56359417826
2542 7.06997034568
2543 5.47881041219
2544 4.98467939458
2545 5.77015358494
2546 7.77491109498
2547 7.90343821816
2548 6.0897092351
2549 6.16578467038
2550 6.03190878955
2551 3.65534528931
2552 5.63937388442
2553 6.01952349509
2554 5.862007841
2555 6.14358863188
2556 4.36756759283
2557 4.74041186257
2558 4.02239303593
2559 3.63596109103
2560 8.08605927515
2561 5.11718784755
2562 6.41822357369
2563 4.72829234753
2564 4.87456293658
2565 4.01882673743
2566 5.38768787217
2567 6.60722987468
2568 4.24132784077
2569 5.20777284813
2570 4.92538405193
2571 7.82808902821
2572 5.51136804906
2573 6.67534040328
2574 4.06728265159
2575 6.02627459259
2576 7.85430055898
2577 3.7135622854
2578 7.86543870212
2579 8.17795139291
2580 4.27575274586
2581 5.50842580126
2582 2.85485843029
2583 3.48961618767
2584 15.800666562
2585 4.8888924041
2586 4.5497859495
2587 8.13830395577
2588 6.43599321903
2589 3.46279849956
2590 3.58272851417
2591 5.26527843889
2592 6.17907449567
2593 4.68022365116
2594 4.21056132069
2595 9.21552827031
2596 6.31729174351
2597 5.03609548853
2598 3.69172857136
2599 4.99672777794
2600 4.83777970248
2601 4.57277679206
2602 5.69905159934
2603 7.89335072007
2604 3.17334875377
2605 5.28792895237
2606 3.77319797827
2607 4.75633745536
2608 8.03324575408
2609 9.10204786248
2610 15.8693119804
2611 8.63410317621
2612 6.70841741358
2613 9.78678811787
2614 7.83795133439
2615 4.99462850379
2616 6.96749681977
2617 3.01403716094
2618 4.1264649088
2619 5.14834301438
2620 7.67801663218
2621 8.03144102639
2622 3.60937626188
2623 3.59027989321
2624 7.02212486477
2625 7.38791030957
2626 5.25658568427
2627 4.5322050907
2628 4.71235041256
2629 6.96020176518
2630 4.02192940749
2631 8.47840449928
2632 9.80631971307
2633 8.99457057146
2634 5.59024710922
2635 6.35154697972
2636 9.30801748951
2637 7.87472161156
2638 2.94556447457
2639 6.42022692946
2640 5.94887198776
2641 5.00535499551
2642 4.08809779311
2643 6.87580776437
2644 5.80096460059
2645 10.7300556707
2646 7.04956611142
2647 8.27495204782
2648 7.87378731105
2649 4.54365685449
2650 6.45617327007
2651 7.28810262313
2652 5.39734075902
2653 5.7901915209
2654 7.77929438903
2655 6.05470964679
2656 6.16983983589
2657 3.54731213589
2658 4.55961298585
2659 5.87419225954
2660 5.26014677268
2661 3.44677622473
2662 3.81654725216
2663 5.92734849007
2664 3.75513513884
2665 5.27918021428
2666 4.79658673652
2667 5.06125264386
2668 6.33704668744
2669 3.94461744384
2670 8.31010606359
2671 6.12621248583
2672 4.16821399534
2673 7.68273013825
2674 10.522723541
2675 3.46593127959
2676 5.57290885431
2677 6.82228963341
2678 8.68254670562
2679 8.01711426998
2680 8.1100836291
2681 4.05341603786
2682 4.39656270738
2683 4.8732143559
2684 6.73765686407
2685 6.23112558967
2686 8.92925105813
2687 5.77536869747
2688 8.02008576968
2689 6.7687310948
2690 4.50355328823
2691 6.64091612749
2692 3.72199795756
2693 5.11117527575
2694 8.00072771444
2695 3.41666587294
2696 5.84488495326
2697 3.18543134309
2698 3.52339896967
2699 7.68290005119
2700 6.87981059858
2701 4.43598964533
2702 6.20627783297
2703 5.6267954735
2704 3.91799784054
2705 3.35207111353
2706 5.41757386109
2707 5.25403423199
2708 3.71610961803
2709 5.68008327749
2710 6.74106066297
2711 4.89924705783
2712 5.01724560074
2713 4.73585000051
2714 4.57653218949
2715 4.79057677591
2716 5.63478986275
2717 7.80917280996
2718 6.74817690412
2719 4.3150496667
2720 4.72339047778
2721 3.16162697907
2722 4.03340207426
2723 3.95403436944
2724 3.69492221887
2725 3.27842312989
2726 4.21489181207
2727 6.4515994733
2728 5.90493670999
2729 5.23219159089
2730 6.86514973871
2731 6.53920219129
2732 6.65613583303
2733 3.66580528391
2734 9.26945436428
2735 5.61209250064
2736 6.14030953887
2737 3.9422507226
2738 5.21507786414
2739 7.49163366723
2740 4.43664690467
2741 3.6282642309
2742 6.54855758779
2743 4.88699351998
2744 4.86937739795
2745 5.76006096715
2746 3.30816132143
2747 3.44058855781
2748 4.75998551751
2749 5.70385980098
2750 4.32867211299
2751 3.78386403407
2752 5.23032949249
2753 4.83971831927
2754 3.28582726172
2755 6.09991584491
2756 4.06822229547
2757 4.22270625058
2758 4.11335014392
2759 3.90847677231
2760 8.644502133
2761 7.44864044013
2762 7.78362815287
2763 5.25867445557
2764 3.95196803201
2765 7.14589472582
2766 4.69580630166
2767 3.60077252113
2768 4.33051214616
2769 4.82632134
2770 4.15393643678
2771 4.11823179707
2772 6.73786462844
2773 6.44551244241
2774 4.70590179418
2775 3.13591101058
2776 9.24327520883
2777 6.82294757921
2778 7.63885520087
2779 5.01409657344
2780 6.83037478657
2781 4.75371655472
2782 10.302490774
2783 6.69595147138
2784 4.98426852614
2785 4.71095651358
2786 5.20599255212
2787 6.38184717799
2788 7.45300137347
2789 4.31483440549
2790 4.17622296241
2791 5.3849685592
2792 7.75203074885
2793 5.05391753896
2794 6.51254201596
2795 6.81014717056
2796 7.85558218251
2797 5.3051043669
2798 6.23544381894
2799 7.58757009967
2800 7.59867673584
2801 3.70534711406
2802 6.99082938036
2803 4.9745687957
2804 3.17845507288
2805 4.22562452645
2806 4.64406151722
2807 9.65386940998
2808 6.68436397717
2809 4.27735350142
2810 6.89725754711
2811 5.64315357828
2812 4.62252370046
2813 3.77805514607
2814 4.95721133552
2815 4.93619943876
2816 4.86019399804
2817 9.74403150728
2818 5.84577329279
2819 6.48252621695
2820 6.57531036283
2821 8.06996720176
2822 3.88285738563
2823 4.19721442745
2824 6.33316986531
2825 3.94142272779
2826 8.67657778857
2827 4.53351424492
2828 4.22644154668
2829 4.38485958489
2830 5.16301505886
2831 6.25488019588
2832 6.24726354348
2833 5.79751235864
2834 4.35037191181
2835 3.60043493315
2836 5.01994324163
2837 4.09593356991
2838 5.2428829857
2839 4.03514357895
2840 5.95640000606
2841 3.73250525713
2842 7.37073677509
2843 6.3771908308
2844 3.79073675785
2845 6.85081007112
2846 5.54906835401
2847 4.10202853799
2848 5.04294715274
2849 5.31345295027
2850 6.21027154405
2851 4.29823352438
2852 4.29953339322
2853 4.62282590918
2854 4.08814916266
2855 5.16785385378
2856 3.68040838725
2857 4.86123916148
2858 7.03519796077
2859 7.59571131999
2860 5.03294296471
2861 4.30482599623
2862 5.78982133451
2863 7.29476425633
2864 4.55111046731
2865 9.28301029745
2866 5.80322135021
2867 4.74139294268
2868 4.34106886258
2869 7.39165053611
2870 5.0772450683
2871 5.52944654497
2872 5.55127677799
2873 4.34650763554
2874 6.55215638999
2875 7.38926651788
2876 3.78880689742
2877 3.09041244333
2878 5.33145381899
2879 4.69722796043
2880 7.00051777525
2881 4.7132925316
2882 3.5177120573
2883 4.98033108425
2884 5.32376852257
2885 5.44581597644
2886 3.8501405616
2887 4.20064145153
2888 8.23959472759
2889 6.569675329
2890 7.64542917092
2891 5.51206369455
2892 4.03742094419
2893 11.2328456839
2894 4.51055645034
2895 5.03086228443
2896 4.33518461507
2897 13.3614702976
2898 14.9047941418
2899 6.27653998938
2900 3.76499002446
2901 3.58083742934
2902 12.416985869
2903 9.66371257268
2904 6.3367657128
2905 4.38514917174
2906 3.48175509279
2907 4.74517485425
2908 4.52782121854
2909 4.17997493833
2910 4.94728374981
2911 7.17895716114
2912 7.1306536418
2913 4.81147134007
2914 7.03193998578
2915 4.98418770242
2916 3.11634567154
2917 4.03707481775
2918 3.24987556918
2919 3.67873800777
2920 4.49957479714
2921 5.76941106561
2922 7.14402027278
2923 9.73100943756
2924 5.39243640008
2925 6.89949111359
2926 7.55821401997
2927 7.67574421017
2928 15.2745082209
2929 4.07296115999
2930 5.20279825968
2931 5.62231353405
2932 4.94735287804
2933 6.51294013947
2934 4.67582994668
2935 6.73479623425
2936 3.82350976519
2937 6.38167606713
2938 6.70513996858
2939 8.22209691342
2940 5.21627648845
2941 9.45568554865
2942 16.9713932017
2943 3.99843282412
2944 12.59054208
2945 7.19093363917
2946 6.57588708404
2947 12.59054208
2948 16.9713932017
2949 11.5849312837
2950 4.61152702782
2951 6.65234362556
2952 4.08293283037
2953 3.9714019646
2954 6.4341190939
2955 9.28330396501
2956 3.24169492839
2957 4.6416612072
2958 5.18190002934
2959 6.60470251365
2960 4.05628876198
2961 4.97379864628
2962 4.44451073948
2963 10.2852784503
2964 5.74222999212
2965 5.9642898449
2966 6.09602818736
2967 5.4194507463
2968 4.37846148935
2969 4.79808353138
2970 3.93385799525
2971 3.98541552958
2972 6.10071271567
2973 5.79864796847
2974 5.81713232088
2975 5.46093632431
2976 5.78750413193
2977 3.78640663307
2978 5.26739510779
2979 4.04489823192
2980 5.22211012689
2981 5.73501989745
2982 7.33635262205
2983 5.62271613849
2984 5.00429337383
2985 7.68511019911
2986 5.57241902698
2987 4.14537649247
2988 5.09073826943
2989 3.86743055157
2990 11.5140731268
2991 5.14962461848
2992 4.15673768681
2993 4.93599904822
2994 5.76921288316
2995 4.17095495694
2996 6.5269034719
2997 4.38184938381
2998 5.42370387988
2999 6.2320957594
3000 7.97390989515
3001 4.15244389294
3002 4.15405523039
3003 3.94413840732
3004 3.57229567553
3005 3.42312838087
3006 4.12026050362
3007 6.00164926691
3008 3.81951200527
3009 7.52511740267
3010 4.49927491479
3011 3.94469659624
3012 8.70452696447
3013 8.9088024531
3014 11.550465581
3015 4.94578656174
3016 6.25014400886
3017 9.04273983954
3018 5.24832052039
3019 4.31623180957
3020 4.57499167392
3021 3.80688631417
3022 16.1254792917
3023 16.8167581512
3024 6.315818727
3025 15.9608283568
3026 9.65401370909
3027 11.7231387411
3028 5.60364250538
3029 5.61059926594
3030 4.25991408413
3031 5.18895087879
3032 5.15041990505
3033 4.1659538202
3034 9.52242010101
3035 8.66850358107
3036 6.93995263747
3037 6.2275340118
3038 11.242042345
3039 9.33721172658
3040 7.12611700013
3041 6.44234972929
3042 3.99742409798
3043 4.37063911219
3044 5.14298281031
3045 8.4821121395
3046 6.51811935556
3047 3.72840355442
3048 6.25692216666
3049 4.37255149532
3050 6.20509650214
3051 3.96866135809
3052 7.9963255324
3053 7.29929821087
3054 6.27229926413
3055 3.77382658206
3056 3.8307299552
3057 9.36375135702
3058 4.53480850932
3059 5.4673666723
3060 4.79139762182
3061 3.94867283075
3062 6.59597005339
3063 5.85691278588
3064 6.35528687735
3065 5.44402792373
3066 5.75011193148
3067 9.35261783719
3068 4.83756351279
3069 9.47009363795
3070 5.12055582573
3071 5.75935433054
3072 4.89213954598
3073 7.24236580124
3074 4.47369364652
3075 5.17718108367
3076 8.78163187048
3077 5.08148743792
3078 4.97493267918
3079 5.82781267029
3080 4.14987265616
3081 4.5603033388
3082 4.87884350351
3083 5.64822885829
3084 4.65330711901
3085 3.3629402751
3086 3.86041070165
3087 4.84886785676
3088 3.9811387014
3089 3.57345363484
3090 4.5376882772
3091 6.20505470746
3092 6.69044528547
3093 5.8793477159
3094 5.34642633817
3095 5.34194559139
3096 6.248900688
3097 4.69826160279
3098 5.52423171209
3099 5.66086428791
3100 4.18917891506
3101 6.95994933431
3102 5.28632062564
3103 5.39500697094
3104 4.5613300168
3105 6.65329250083
3106 3.97200623615
3107 6.37239907694
3108 4.19658145139
3109 6.40778340525
3110 5.48598949917
3111 6.08820422423
3112 5.03200176781
3113 5.19839442848
3114 4.61800817642
3115 4.4102689854
3116 7.51306744443
3117 4.54536557835
3118 6.78518503172
3119 11.0334924134
3120 6.76073320989
3121 5.30315171269
3122 5.08269078382
3123 4.34486087678
3124 4.18272723916
3125 6.93735975839
3126 5.74915804818
3127 7.19860010297
3128 6.92018458295
3129 7.77250529954
3130 6.87680347097
3131 4.27281272613
3132 6.18693803773
3133 9.23983655583
3134 8.92673739547
3135 5.18694312274
3136 3.21495529332
3137 5.30381612614
3138 5.88293561455
3139 7.43361717477
3140 6.00316518627
3141 4.78968309961
3142 4.04522289925
3143 4.36020805064
3144 4.61225839679
3145 5.14191767389
3146 5.89966371808
3147 3.59292891277
3148 5.30111095531
3149 3.96710491752
3150 6.65661523622
3151 5.07169355328
3152 3.29123923783
3153 4.57161221907
3154 7.59182738713
3155 5.54262819512
3156 10.5394000336
3157 6.93146027063
3158 3.93999558697
3159 6.9335716033
3160 9.23801605772
3161 4.4252586286
3162 6.35949905041
3163 6.33639144884
3164 6.12270779242
3165 5.104410145
3166 6.14315274947
3167 4.19966108215
3168 8.32600952006
3169 8.10633659403
3170 3.90934105949
3171 11.1539559197
3172 5.89494564296
3173 5.85470117801
3174 5.13710246292
3175 3.64421612769
3176 4.89125508743
3177 5.26753340116
3178 5.94890093006
3179 4.74528119602
3180 5.65971198605
3181 4.5265464129
3182 8.98397721326
3183 12.5674375142
3184 4.78982585778
3185 5.28473279606
3186 5.75660679238
3187 5.66123298504
3188 4.52123176943
3189 4.09153541824
3190 4.32863770409
3191 6.03671852886
3192 5.60999809265
3193 5.26588753636
3194 6.47661351352
3195 6.53272998157
3196 7.28825205033
3197 7.094054962
3198 4.35770152604
3199 5.24769619519
3200 7.90120449505
3201 6.75075348671
3202 4.79515451266
3203 6.35950216909
3204 4.94625373143
3205 4.70624481332
3206 5.11321516366
3207 4.98511824192
3208 3.77591243496
3209 3.24629578174
3210 5.28652385934
3211 3.82165991434
3212 4.55405288868
3213 5.08927879159
3214 5.40089352479
3215 4.19923456622
3216 4.33078592301
3217 5.91840586718
3218 3.67168557331
3219 3.13040132299
3220 4.59442848417
3221 4.73034992289
3222 8.53275860767
3223 4.55535291818
3224 7.78321715634
3225 4.42194416489
3226 5.48143742048
3227 3.76201597207
3228 5.20005309156
3229 4.9712439631
3230 4.38595715968
3231 3.22149387815
3232 4.04106141614
3233 4.92570359211
3234 5.31648555769
3235 4.75784680551
3236 4.36526872452
3237 5.40968678792
3238 4.18957208331
3239 4.25326297424
3240 4.50934947379
3241 4.38871622178
3242 4.13103789609
3243 6.36815255154
3244 3.89645410913
3245 6.55600631246
3246 7.32586532471
3247 4.33472783695
3248 4.99553528681
3249 3.60052907891
3250 4.27212278413
3251 4.22920198362
3252 3.72447089919
3253 4.99751734771
3254 4.30140421697
3255 4.94908096421
3256 4.8855249734
3257 3.87884760208
3258 4.35775757975
3259 3.83877152709
3260 6.83599883366
3261 4.60347162472
3262 4.8078514936
3263 6.01856436067
3264 4.26588664598
3265 4.04479073252
3266 6.64689767511
3267 7.75966606016
3268 3.68296089208
3269 4.60784391626
3270 3.88944050304
3271 6.09066890311
3272 5.31838095863
3273 5.77854396494
3274 3.65752895341
3275 6.94497410508
3276 4.05518359975
3277 4.98573891901
3278 4.95654325137
3279 4.24526101541
3280 4.44331637508
3281 3.67956861128
3282 5.25998100517
3283 4.05291170073
3284 4.44514020733
3285 4.40662324255
3286 4.70195816223
3287 5.61709841095
3288 5.79184750294
3289 3.71844668213
3290 3.82189750325
3291 5.20519906355
3292 4.01293772704
3293 4.85182727906
3294 3.89793786866
3295 6.87776464213
3296 3.98200456096
3297 4.15690449391
3298 4.05760734935
3299 3.9030587936
3300 4.66549776807
3301 3.8837058507
3302 4.32709613669
3303 6.96329660967
3304 3.30508434551
3305 7.65732953741
3306 14.9368692026
3307 7.7594164753
3308 3.85651320989
3309 10.4400482312
3310 7.67042383832
3311 6.5500251411
3312 8.58297697347
3313 6.67629747823
3314 5.05705198184
3315 6.17590580511
3316 6.23832428231
3317 4.8908705169
3318 4.71278715534
3319 5.15410438477
3320 8.00995387509
3321 4.01785420361
3322 5.99825579205
3323 4.39213718403
3324 5.73796484946
3325 5.11194956308
3326 5.1405247062
3327 5.73092022269
3328 3.53147223476
3329 4.59568471297
3330 4.21253384896
3331 4.09023197209
3332 4.72273170011
3333 3.82921703395
3334 3.35045050866
3335 4.31633601764
3336 3.76816167306
3337 6.52432273085
3338 3.63274423794
3339 5.70441588968
3340 4.52247172816
3341 3.44863605691
3342 6.14221366232
3343 6.31112461282
3344 4.76160397532
3345 3.56079150987
3346 6.02199337475
3347 4.43056809394
3348 3.53137107842
3349 4.76700492433
3350 3.97959955432
3351 6.34816042898
3352 5.09450933029
3353 4.13756803444
3354 4.31877476102
3355 4.63705526779
3356 4.86010746817
3357 3.46607411862
3358 4.22222032036
3359 5.92224408649
3360 3.91229554676
3361 5.54837931827
3362 3.91342224716
3363 4.47020582798
3364 7.4391493141
3365 5.25911473607
3366 5.67005641278
3367 4.48688324
3368 4.4019886403
3369 3.79742583949
3370 4.19511357598
3371 9.66454329802
3372 4.07525395291
3373 3.51835381415
3374 5.1318569687
3375 4.52304159792
3376 5.44887094887
3377 5.54910313486
3378 7.700272263
3379 4.02431557511
3380 3.81573549154
3381 4.45889022683
3382 5.50440454885
3383 5.38017760143
3384 4.21063240946
3385 5.93729178511
3386 3.92196876297
3387 5.81349812246
3388 8.25522337798
3389 4.89708408012
3390 4.16788487167
3391 5.39019546387
3392 3.92397656551
3393 7.85170521325
3394 7.14385049898
3395 4.50118749364
3396 3.91055846641
3397 4.34815786474
3398 3.5940661805
3399 4.34699079333
3400 3.5526731666
3401 4.55563743417
3402 4.61954941702
3403 5.34769285326
3404 6.15135292254
3405 6.65017801169
3406 3.98327632181
3407 4.92556446193
3408 3.86469007112
3409 9.24680499126
3410 7.24338252856
3411 3.48340682867
3412 4.34995316508
3413 3.55587361376
3414 6.86519419529
3415 11.4287730741
3416 5.39059317168
3417 8.34942657461
3418 4.33410193415
3419 5.24060251436
3420 3.80988759744
3421 6.33156661509
3422 6.05265496048
3423 5.84434884294
3424 6.06598449864
3425 4.09915641565
3426 4.60766198785
3427 4.45069015106
3428 4.26162603903
3429 4.14740131443
3430 4.36775347588
3431 6.12414279543
3432 10.7927242133
3433 3.48295096423
3434 9.04866565122
3435 5.57552819583
3436 5.66402689725
3437 4.80005612449
3438 3.40015680905
3439 6.96762340749
3440 7.80394020546
3441 4.33135750864
3442 4.69915364768
3443 4.50798057752
3444 9.68173426904
3445 4.79939796214
3446 5.20735411526
3447 4.01343481509
3448 5.59885668515
3449 5.83107995494
3450 6.22988013715
3451 4.69539849295
3452 5.20218161461
3453 3.37881937417
3454 5.59711593753
3455 5.883089134
3456 4.40115789052
3457 5.60653408556
3458 5.3752398596
3459 4.45666504144
3460 4.53684904049
3461 8.01534246541
3462 5.78101072507
3463 6.50971233054
3464 5.52168167659
3465 8.62520608088
3466 5.53175645803
3467 4.09360652431
3468 4.11665980832
3469 5.73228744886
3470 7.32708703832
3471 4.16569002948
3472 5.43241679748
3473 5.14658786215
3474 4.92340656065
3475 4.24308710536
3476 4.95689740384
3477 3.98427668379
3478 4.69031150998
3479 5.3139246124
3480 6.49713400736
3481 7.67981664105
3482 5.72792174745
3483 3.72231191981
3484 4.00022190937
3485 8.00271764637
3486 3.95460991768
3487 4.16889140451
3488 5.10021483136
3489 5.66322938681
3490 4.96460197431
3491 5.69256310909
3492 4.94904162639
3493 4.24551485742
3494 5.6659132133
3495 5.09249356617
3496 4.39541165599
3497 6.98348912868
3498 3.75416967066
3499 6.19615944061
3500 6.54694962178
3501 4.44000448002
3502 3.5718984699
3503 5.65608190134
3504 7.45083577581
3505 4.98938305792
3506 5.01165905917
3507 3.64855034786
3508 4.82211100594
3509 3.97709651809
3510 4.91458886123
3511 5.32473055011
3512 4.54162581247
3513 4.56601142878
3514 5.54726251845
3515 5.46410619159
3516 5.39064164804
3517 4.85555984514
3518 7.39689891348
3519 6.78466741764
3520 5.85571563149
3521 4.1078949632
3522 3.85188668747
3523 5.44106299895
3524 4.7653233035
3525 3.80529896495
3526 4.91423416512
3527 3.88716164931
3528 3.59270582822
3529 7.09338183535
3530 8.34391407912
3531 4.05282372674
3532 5.98791490785
3533 5.36075560033
3534 5.43761751194
3535 3.41013298286
3536 4.89419787036
3537 5.03725856148
3538 6.84170191795
3539 3.79452065295
3540 4.05498536175
3541 8.02898945033
3542 3.75038167261
3543 4.67629534498
3544 4.16804172227
3545 6.07811469141
3546 4.09830260176
3547 4.7855263795
3548 5.41930741168
3549 10.4877923159
3550 4.19542492039
3551 4.22367234276
3552 3.36007013404
3553 6.48043818337
3554 5.81737979323
3555 4.10366540735
3556 5.49626738571
3557 8.8840465801
3558 7.63768911614
3559 3.93043003479
3560 4.16027761759
3561 5.07559160803
3562 4.92575031472
3563 5.45466970298
3564 4.86236678735
3565 6.09720637725
3566 4.17044790519
3567 5.64894208016
3568 3.93924485377
3569 4.2227771943
3570 4.41005171316
3571 7.82624709084
3572 4.88545518063
3573 6.11567844616
3574 4.29068445421
3575 4.42549185613
3576 8.51598999949
3577 3.99352723414
3578 4.91007710113
3579 3.22127405957
3580 4.66369354495
3581 4.02107290742
3582 3.84341349508
3583 4.39076049416
3584 7.29763478304
3585 7.66235907699
3586 6.25128898228
3587 4.20190420895
3588 7.77154796736
3589 5.62496461855
3590 5.31338124887
3591 6.56812421097
3592 5.68440508768
3593 4.63601063152
3594 7.20230454448
3595 6.44459505424
3596 4.61287680172
3597 4.27511106554
3598 7.77755233241
3599 10.7250693051
3600 4.82033198574
3601 4.31365177296
3602 5.13046182646
3603 6.08491394529
3604 6.53444512471
3605 5.71114492036
3606 5.70379635782
3607 3.48044587723
3608 8.14493719332
3609 5.29799415161
3610 7.25783072259
3611 5.47443190719
3612 4.98364309336
3613 7.00780357342
3614 5.00638634859
3615 3.24279301283
3616 4.72846184804
3617 5.51079123588
3618 5.47601107475
3619 4.98290651579
3620 3.91733233569
3621 4.19211282352
3622 3.80202678402
3623 5.72115338604
3624 3.43927963395
3625 6.161818399
3626 3.8195601374
3627 7.40263331345
3628 6.16338299665
3629 3.62371176842
3630 6.7777101244
3631 6.57997865348
3632 4.04978613037
3633 4.44045923969
3634 3.84987871266
3635 4.21407724885
3636 7.04303120413
3637 3.72878966353
3638 5.05570269787
3639 3.73649772004
3640 6.56108766965
3641 8.04756290126
3642 5.01697904359
3643 4.12733230343
3644 4.14567142911
3645 6.49330889868
3646 5.41186019526
3647 5.12182296931
3648 6.52865800413
3649 4.08089533335
3650 5.17032931482
3651 3.4490631597
3652 4.13816780654
3653 6.68944854232
3654 5.02470417449
3655 4.462804628
3656 5.69153166981
3657 4.34656124583
3658 4.86661328691
3659 5.2898237157
3660 3.64189018653
3661 5.9649748625
3662 7.93335089252
3663 5.9461596556
3664 5.26850842453
3665 5.4807232423
3666 8.82686096808
3667 5.37853089693
3668 5.95592937483
3669 6.59813860472
3670 6.36459592024
3671 8.43305700718
3672 5.89300570733
3673 7.30854431485
3674 9.92947415502
3675 4.40150954613
3676 5.62412305579
3677 7.10153158333
3678 6.90820383206
3679 9.87866759323
3680 7.85095594134
3681 3.59799467454
3682 3.83944414596
3683 4.93944691834
3684 4.88536539847
3685 4.24031066861
3686 4.08450422199
3687 6.70402150157
3688 4.1607388237
3689 4.53060838541
3690 4.64627796062
3691 4.24515328846
3692 3.96707155115
3693 8.51551512034
3694 3.4511282652
3695 4.12948991972
3696 4.85916534869
3697 3.85771449797
3698 3.90232215083
3699 3.67802851677
3700 8.05754015925
3701 7.98572817525
3702 7.80941316775
3703 8.21398187413
3704 6.61839103247
3705 8.8527506629
3706 7.98441626343
3707 6.94450998673
3708 4.22719861618
3709 7.73524285602
3710 5.06874563633
3711 5.21639439404
3712 4.41109908155
3713 6.68935373275
3714 3.69772854402
3715 3.97943710837
3716 4.67085148084
3717 4.16332059268
3718 7.80065949494
3719 4.3684536817
3720 4.4672089219
3721 5.06803377475
3722 7.84732756417
3723 3.94034129632
3724 9.50213747021
3725 5.66115051484
3726 9.53366447457
3727 5.26902496578
3728 3.72480151562
3729 7.49468856856
3730 4.52932693283
3731 5.4600874494
3732 5.42037334708
3733 3.51414254775
3734 4.32002050831
3735 4.32906059392
3736 4.7780999557
3737 4.1636939266
3738 5.67880787322
3739 8.00541823727
3740 5.31376748977
3741 5.39197207668
3742 5.93119453172
3743 6.94951719238
3744 4.01876549727
3745 4.58515105393
3746 7.43566039705
3747 7.10548300617
3748 4.26521042983
3749 4.02192621835
3750 4.8826017844
3751 5.19082896257
3752 7.44407566489
3753 4.02396671259
3754 4.43199403275
3755 6.30108447882
3756 4.90509387664
3757 7.18426079778
3758 5.99219620422
3759 6.25221896852
3760 4.45170896472
3761 5.01221141359
3762 3.7571091146
3763 4.811536701
3764 4.83483944084
3765 6.49701138141
3766 5.86861972535
3767 4.97396035927
3768 3.08958850261
3769 4.55717665603
3770 5.912212808
3771 4.30343106897
3772 6.28238721174
3773 4.62596531305
3774 7.62658655744
3775 6.59095195203
3776 3.05454648808
3777 4.01922642014
3778 4.1340309726
3779 3.53980875152
3780 3.99891681424
3781 3.75230472259
3782 10.8260776394
3783 5.06728553741
3784 5.9802048292
3785 3.01164391568
3786 5.4999204163
3787 4.86931550016
3788 12.4441656719
3789 4.3830384359
3790 7.28525547892
3791 4.43842446357
3792 4.43459234119
3793 4.86683182168
3794 5.29963713669
3795 4.03248988906
3796 3.15734920856
3797 4.8763973156
3798 5.25985715882
3799 4.58751350805
3800 4.09061571978
3801 5.3989402779
3802 3.99283811443
3803 3.36612216578
3804 3.41209309883
3805 5.37093582751
3806 5.23057342365
3807 3.36634587677
3808 5.39390977636
3809 5.0639219016
3810 5.0670275132
3811 4.41830047042
3812 5.01489693173
3813 6.00086954624
3814 6.83899391482
3815 4.90877029399
3816 4.43463932085
3817 3.67040685291
3818 4.43444655236
3819 6.53607006758
3820 4.61925209505
3821 6.19515031319
3822 5.26519616813
3823 4.48889973174
3824 3.53778605753
3825 4.89326159394
3826 8.57402125063
3827 7.03745498354
3828 4.04342378257
3829 4.68657445685
3830 4.22972896599
3831 7.47124149789
3832 3.26630556763
3833 3.9333134896
3834 3.52381749981
3835 4.39553367855
3836 4.88157765851
3837 5.64067139096
3838 3.51765599205
3839 5.41873498648
3840 4.86343831278
3841 3.63060839376
3842 4.73834107814
3843 3.71009143496
3844 5.15100099456
3845 10.7266469208
3846 5.65993392226
3847 4.88958208061
3848 4.57345191628
3849 5.61154993142
3850 4.53835929271
3851 4.24961925339
3852 4.04981812294
3853 6.88030600386
3854 4.31457332008
3855 4.21261378034
3856 4.74339073424
3857 4.50779464954
3858 3.4040997484
3859 4.8475676909
3860 3.24930451107
3861 3.75540748652
3862 5.77248919277
3863 6.50674708985
3864 4.7062171264
3865 6.85298927278
3866 4.4404149114
3867 3.30153028563
3868 3.8818677875
3869 7.24351156256
3870 5.06409644207
3871 6.1892527444
3872 3.55210231092
3873 4.56088660009
3874 3.35725555242
3875 3.42586720747
3876 6.62205881009
3877 3.62909719606
3878 3.35587767608
3879 4.23463248628
3880 7.34189442114
3881 4.28259670535
3882 4.90039304879
3883 4.3993669799
3884 7.05786199282
3885 5.47655296992
3886 5.41930741168
3887 10.4877923159
3888 7.59601670732
3889 4.3553842689
3890 4.09697615186
3891 8.38156016764
3892 6.84398119807
3893 7.69347519112
3894 7.03703786182
3895 5.67040272422
3896 4.42966517385
3897 4.58679035516
3898 6.63349608762
3899 4.38559870413
3900 6.61280956074
3901 5.70068461567
3902 6.19666036304
3903 4.50167897469
3904 5.7640955847
3905 5.98404138541
3906 3.9128869817
3907 3.9912935694
3908 5.83824257627
3909 3.17299403436
3910 6.95187279425
3911 6.82720367237
3912 4.12591878471
3913 5.80124663548
3914 5.00501051141
3915 4.7567877869
3916 3.80832161213
3917 8.05185782187
3918 5.9963919523
3919 5.21745186535
3920 5.08152747046
3921 4.01353689217
3922 7.18668089915
3923 5.60433915972
3924 8.44958382325
3925 5.20192223405
3926 4.14621467933
3927 5.20663769888
3928 3.97044119731
3929 5.95704697087
3930 6.09975801877
3931 5.11170716787
3932 4.30709139391
3933 4.17442773292
3934 5.03718864465
3935 5.33547376096
3936 6.00928791501
3937 5.42273424557
3938 5.00710449637
3939 3.97414122773
3940 5.01499118133
3941 6.18091372841
3942 4.68270923021
3943 3.90101205864
3944 4.42056032866
3945 6.42287151494
3946 5.39422307167
3947 3.70806913437
3948 4.89968063624
3949 3.97776063911
3950 7.92472719625
3951 6.33762384557
3952 4.23573551482
3953 4.4476397908
3954 4.01099622949
3955 7.52817895096
3956 5.33010850763
3957 6.64457027133
3958 7.11962325789
3959 5.37914343484
3960 3.7584351354
3961 5.02544481169
3962 3.60530682299
3963 10.8030952153
3964 4.14011893295
3965 4.47277372983
3966 4.80030563037
3967 3.66842592413
3968 4.3669958184
3969 12.9677322671
3970 5.79009222607
3971 3.96898742134
3972 5.66205843366
3973 5.27615183118
3974 5.60843724574
3975 3.80258528982
3976 4.52158964748
3977 7.69377142031
3978 4.23095288715
3979 5.37636660305
3980 4.63173598717
3981 3.71536085632
3982 6.14620237632
3983 3.51184263038
3984 9.91245175961
3985 6.41710655203
3986 3.46084243963
3987 4.9204765443
3988 5.71339709197
3989 5.19177490788
3990 6.29306266222
3991 3.93710760141
3992 3.82869558936
3993 4.66920053386
3994 4.03007202469
3995 7.13211788852
3996 4.26049949143
3997 5.53605939136
3998 6.04142038927
3999 4.1802805045
4000 4.65631036442
4001 5.08533415522
4002 6.86026877742
4003 4.30982575828
4004 5.57556763766
4005 5.6061485466
4006 9.70287106052
4007 4.40152610732
4008 3.97752607059
4009 4.66595654423
4010 5.68646279991
4011 4.72443678146
4012 7.69856790732
4013 7.20551547517
4014 4.86478151723
4015 7.02716919092
4016 9.82288368884
4017 6.5604616451
4018 3.97262486953
4019 7.91894149439
4020 4.23975367113
4021 6.03642533982
4022 6.61774911091
4023 4.96191437541
4024 7.24496349512
4025 3.62942675325
4026 6.52722117026
4027 3.48228846752
4028 3.54990885409
4029 5.63627380934
4030 3.72181446644
4031 3.99078194162
4032 4.76175285062
4033 6.09515799217
4034 6.77543169833
4035 4.01345431876
4036 8.53620700927
4037 11.2408069336
4038 5.13820073405
4039 4.4751470572
4040 6.62431544255
4041 5.09396099774
4042 4.15574797065
4043 5.67074472201
4044 6.57718063083
4045 5.02346571767
4046 3.97104676643
4047 5.46828528911
4048 5.54192754156
4049 5.3161232534
4050 6.60670387395
4051 5.07582051217
4052 5.41020516471
4053 4.01852826591
4054 4.89929049037
4055 7.98539572759
4056 5.81413565971
4057 4.13694067222
4058 5.68155005734
4059 4.92517536495
4060 5.18163515366
4061 4.17796537203
4062 3.88420573399
4063 3.99793531513
4064 11.5668017294
4065 8.78204913865
4066 5.6631837947
4067 7.31400420959
4068 8.30026062579
4069 5.18263889645
4070 7.59143502313
4071 11.0258020031
4072 5.50175531334
4073 5.14343096585
4074 10.6268661031
4075 4.08189137718
4076 7.17682076162
4077 3.4012039115
4078 9.09097512479
4079 5.40274628146
4080 6.20707082428
4081 6.03516056279
4082 6.287460987
4083 5.73196183168
4084 4.61333760107
4085 5.35314747373
4086 8.31620187597
4087 5.2077541552
4088 7.12289563858
4089 7.54852140735
4090 6.3197658453
4091 6.23469644202
4092 7.65466251326
4093 8.4550603685
4094 9.14644068567
4095 6.61963853734
4096 5.68282379303
4097 8.57233706929
4098 5.68811455179
4099 3.494605862
4100 3.81504292938
4101 4.55109543657
4102 7.6035955037
4103 5.3651730324
4104 6.61145352267
4105 7.84573879625
4106 6.04152381786
4107 13.1580493344
4108 4.20100437187
4109 6.3686487584
4110 13.1693142132
4111 6.65464783133
4112 8.88750393712
4113 9.20331650553
4114 4.82204940109
4115 3.7520214862
4116 6.77786868376
4117 4.59352553046
4118 4.63321124193
4119 6.11363087947
4120 4.93168014265
4121 3.88608768045
4122 6.21536406635
4123 6.00298395417
4124 6.75737902583
4125 5.37288674733
4126 9.92641189062
4127 5.6520048501
4128 5.09518267455
4129 5.78162452895
4130 5.14761217667
4131 6.29328528572
4132 4.44707919717
4133 6.43616501185
4134 4.28177398898
4135 6.97254021747
4136 7.82211188176
4137 4.6741513604
4138 9.97879269055
4139 5.24660479024
4140 7.1679683863
4141 6.82028850992
4142 5.57153134377
4143 3.49313128702
4144 5.04294557415
4145 4.49354071521
4146 5.45826165441
4147 6.01505889407
4148 5.29928953284
4149 6.26097283505
4150 6.94554131121
4151 4.79562382979
4152 4.5649333866
4153 5.79226051455
4154 6.41699451621
4155 6.04101317052
4156 6.44545538695
4157 5.0104008737
4158 3.87189991949
4159 4.04162842965
4160 3.45947821707
4161 4.35344814197
4162 5.9863044414
4163 5.89213809114
4164 6.33529297738
4165 5.46078273991
4166 5.35245880456
4167 8.73160073991
4168 3.60588053739
4169 4.58882221058
4170 6.16622045147
4171 5.36959061135
4172 5.99585780159
4173 6.67441041332
4174 6.35926203411
4175 5.19935578403
4176 4.16162735825
4177 5.33226922174
4178 3.52751718822
4179 8.94126225811
4180 4.80283123732
4181 3.74609617657
4182 4.99913284359
4183 3.89026719361
4184 5.16621562366
4185 5.70638170874
4186 5.18689989496
4187 9.08885390427
4188 3.84330680242
4189 5.07132401289
4190 4.5640741945
4191 5.15880162208
4192 3.43009034277
4193 3.67003590131
4194 4.63256203207
4195 5.40219908831
4196 3.82957600097
4197 4.06558121304
4198 10.2527826503
4199 5.38531791615
4200 5.63590038919
4201 9.59377291228
4202 3.62687836631
4203 5.18944341278
4204 5.28470367626
4205 8.01030740155
4206 6.62394520739
4207 5.13045348642
4208 7.93611907894
4209 4.9329304696
4210 6.38299828904
4211 3.56980456674
4212 4.28729789933
4213 4.81960719095
4214 4.5212506661
4215 4.24462978352
4216 6.32296891919
4217 4.7882978999
4218 5.4063097972
4219 7.5092078464
4220 7.61736238375
4221 5.91505230048
4222 4.15970547708
4223 7.90122662518
4224 4.28016732001
4225 5.57724353449
4226 4.34933724719
4227 4.94018011641
4228 5.79731432467
4229 4.55345398865
4230 5.8926781186
4231 5.7602465347
4232 8.22464477597
4233 4.6614400968
4234 6.18120092737
4235 4.2291886563
4236 5.76105649324
4237 4.85665522956
4238 3.97302560152
4239 4.99953671523
4240 4.36824405509
4241 6.00105708285
4242 7.5632786982
4243 4.30393132845
4244 4.91283164691
4245 4.14102067962
4246 6.03066594351
4247 5.50114301072
4248 3.60677627406
4249 4.5991390857
4250 5.86283700321
4251 7.34758704159
4252 5.33755944844
4253 5.97228249726
4254 12.0686928201
4255 3.72710373395
4256 6.48192535232
4257 5.45105258144
4258 6.79159826654
4259 7.86976900866
4260 7.50783859695
4261 8.33677704238
4262 5.36074099959
4263 7.01870768963
4264 4.54222983172
4265 7.04743712406
4266 3.87470398053
4267 6.47267207932
4268 9.83448697526
4269 5.12316670386
4270 5.02195356617
4271 5.5626665182
4272 4.80894330032
4273 5.43520224773
4274 4.423702592
4275 4.83993410828
4276 6.74039711481
4277 5.96511717783
4278 4.16254058749
4279 3.3843240144
4280 5.22712654925
4281 6.66997424639
4282 6.42350743211
4283 5.13672350989
4284 5.23332619038
4285 6.77073519557
4286 5.50547385962
4287 5.412882638
4288 5.93343542412
4289 4.76729214544
4290 5.22806085182
4291 3.46433673662
4292 7.59437922911
4293 4.70544682038
4294 4.15309378932
4295 7.14387231616
4296 5.26829594663
4297 8.21159137761
4298 7.61374066106
4299 5.16079404472
4300 4.62966914598
4301 5.30152862528
4302 6.44762381923
4303 8.07040507936
4304 7.45719823127
4305 4.89483434119
4306 6.38359481558
4307 14.5083686316
4308 7.2749215487
4309 6.42139104476
4310 7.51554928092
4311 6.27288579235
4312 6.69600931037
4313 10.1855753188
4314 9.75883475861
4315 4.20838461134
4316 15.6517136547
4317 5.61797405054
4318 3.87998076855
4319 5.46622390162
4320 5.05767901376
4321 5.98761078322
4322 4.27177987228
4323 4.65651387691
4324 5.5737076194
4325 7.80622047104
4326 4.30974162943
4327 4.99380553489
4328 3.72906416229
4329 4.26978758375
4330 9.39196587655
4331 3.78409637715
4332 7.44240524686
4333 4.28797085821
4334 4.0328890148
4335 4.79792680788
4336 7.44992840175
4337 5.76016357204
4338 4.75798601103
4339 5.68763055044
4340 4.29760364076
4341 4.31491837273
4342 6.29848727983
4343 5.41874299972
4344 6.26607144545
4345 6.08198164427
4346 3.64274904003
4347 3.76715647337
4348 4.61754278332
4349 6.73642757963
4350 6.29667767712
4351 4.68290773753
4352 3.43385875109
4353 4.80869114801
4354 4.79538863526
4355 3.64772945418
4356 7.23796339304
4357 4.60420392814
4358 4.10369406452
4359 4.28820796128
4360 4.69337488114
4361 4.76884985197
4362 8.4002580369
4363 4.57295020958
4364 8.16531811692
4365 5.8665198748
4366 4.27779893843
4367 7.04017889185
4368 8.81331337517
4369 7.99437043593
4370 5.50757578289
4371 7.09781278858
4372 6.0253340688
4373 5.51305728323
4374 5.14116825533
4375 7.05779024326
4376 3.62277487458
4377 4.89236194321
4378 6.3428835046
4379 4.03486433101
4380 5.99322546197
4381 4.17724566906
4382 6.79368957912
4383 4.58619440921
4384 4.08728450307
4385 4.28582553766
4386 8.59873331868
4387 5.51603781918
4388 7.73521299893
4389 3.69507200254
4390 4.07119425213
4391 8.00019567768
4392 6.99636148559
4393 3.81506946315
4394 4.86816523121
4395 6.25718961863
4396 5.97446793742
4397 4.75344788264
4398 3.95871639935
4399 3.65448982855
4400 4.71195553269
4401 5.03868480379
4402 4.52352731684
4403 6.11184064631
4404 5.99508054003
4405 7.10518579858
4406 5.12327746048
4407 6.51805293207
4408 14.6181546327
4409 3.63545517345
4410 3.82862903084
4411 3.41425238521
4412 8.19463102072
4413 6.21139132967
4414 8.50127430851
4415 4.69672856933
4416 6.39033690897
4417 6.27154509688
4418 4.34028285897
4419 4.62619907389
4420 3.17482361582
4421 3.40297095314
4422 4.1850683326
4423 4.34436559469
4424 4.38613487333
4425 4.39355953006
4426 5.25907805305
4427 5.41198085619
4428 4.156652169
4429 4.91931249186
4430 4.56460404973
4431 5.8773873304
4432 4.94665134163
4433 3.84793527156
4434 3.97993786239
4435 6.01512947169
4436 3.36958431551
4437 4.39497850714
4438 3.74773495221
4439 4.47988896961
4440 5.12660018033
4441 6.55597049473
4442 6.65128841442
4443 9.20629149337
4444 6.03024330763
4445 3.48974463242
4446 6.82798742092
4447 4.8669563607
4448 3.81061255077
4449 4.65388801694
4450 6.01677671544
4451 8.61039539666
4452 6.4850813561
4453 4.57435453069
4454 5.3488557031
4455 6.01340860806
4456 10.8993900052
4457 4.57508641782
4458 6.17013259031
4459 3.82269751192
4460 4.01985594896
4461 4.0441904668
4462 6.36042442909
4463 6.21585622258
4464 5.61199732334
4465 4.03510204576
4466 7.43475353181
4467 5.48415084689
4468 3.88744010205
4469 3.66212375907
4470 3.45668476163
4471 4.50317891592
4472 4.13560749257
4473 4.00773617521
4474 3.76064535541
4475 6.455443116
4476 5.23775104149
4477 3.71142861265
4478 5.21251343732
4479 4.93408459287
4480 4.20653041545
4481 4.89110746384
4482 5.81440165342
4483 13.2905935466
4484 3.43582706236
4485 5.51745910736
4486 6.58572045877
4487 5.48764202992
4488 3.74355974239
4489 4.25689698435
4490 4.59424448316
4491 5.53448085776
4492 9.32063525754
4493 8.39293063879
4494 9.13944986746
4495 7.48062685136
4496 4.45547644893
4497 10.1416437367
4498 4.38664671336
4499 5.36239979009
4500 9.26253661991
4501 9.72155672797
4502 6.46826567058
4503 5.3916764981
4504 3.83117262274
4505 5.36611489956
4506 4.31659506205
4507 7.76089149676
4508 5.21164749372
4509 4.35310776687
4510 3.72885841119
4511 6.69437949767
4512 11.1814262208
4513 8.77704872755
4514 6.58890821089
4515 7.19865058989
4516 6.06453926175
4517 8.6361550759
4518 10.3762557275
4519 9.58339963608
4520 6.58507343772
4521 4.94492397192
4522 5.48916426134
4523 8.18710782621
4524 9.45497081422
4525 9.25852153603
4526 3.93128039574
4527 4.35738611822
4528 7.73847707416
4529 7.73818907731
4530 4.79988005863
4531 5.50891730331
4532 6.44447777367
4533 5.179887849
4534 5.87603062885
4535 6.39398148681
4536 6.26738459927
4537 5.08595310148
4538 5.20322149195
4539 6.3576304419
4540 5.91905598276
4541 4.15029695961
4542 7.37316449595
4543 6.74215395247
4544 4.27429238668
4545 5.39546274339
4546 5.46155070296
4547 7.26371564911
4548 5.96190618529
4549 4.75310221048
4550 8.35680964858
4551 4.82218217165
4552 6.30014008884
4553 13.2328890969
4554 7.78118075761
4555 5.15838141578
4556 8.82227279199
4557 6.84232330241
4558 5.22673685309
4559 8.60377302314
4560 6.29562715854
4561 7.57066489893
4562 4.75614396688
4563 9.25517236543
4564 7.4741577339
4565 7.5820509074
4566 6.86165309753
4567 5.32883896453
4568 7.1668668847
4569 6.59375750304
4570 6.26524580064
4571 8.21550064357
4572 11.6806608878
4573 9.95453963561
4574 10.4789070687
4575 6.79400015155
4576 7.54749749283
4577 6.74834354684
4578 6.07281299977
4579 8.86243854143
4580 7.40322655272
4581 8.0558402928
4582 9.20901232798
4583 14.9573726819
4584 8.9491138611
4585 6.43475893072
4586 5.90411763704
4587 4.13103771501
4588 7.73515437864
4589 9.52000140535
4590 6.46836148093
4591 3.37602697417
4592 4.2616720431
4593 5.21908369086
4594 5.90018752198
4595 5.03531455164
4596 4.63801587462
4597 5.65552023387
4598 5.13987929967
4599 3.76961156279
4600 6.399526981
4601 9.16508159043
4602 4.93709189328
4603 10.8916407726
4604 6.1433970046
4605 6.34175231356
4606 7.6017177074
4607 5.20445373148
4608 3.63131811678
4609 6.3448805145
4610 4.07979939888
4611 5.18206531104
4612 5.68472946328
4613 4.95707709976
4614 4.46125350066
4615 8.33588769415
4616 4.58923936098
4617 3.58335040134
4618 5.63072742064
4619 4.83980476043
4620 4.41266729295
4621 3.88303920279
4622 4.07565915834
4623 4.04673711046
4624 4.18126379851
4625 5.98647407798
4626 4.54985670343
4627 3.61515010585
4628 6.31289760371
4629 3.88339810204
4630 4.4064218914
4631 6.12624835159
4632 5.40133281216
4633 4.88199148477
4634 5.09939512915
4635 4.71013780099
4636 4.77853930263
4637 5.3015110472
4638 4.62805391657
4639 3.71837541358
4640 5.81157673741
4641 4.94665134163
4642 3.84793527156
4643 3.97993786239
4644 5.09551563891
4645 3.50633700196
4646 4.0538902062
4647 7.611538131
4648 4.70198643211
4649 7.09243081918
4650 5.06118254288
4651 4.39711926282
4652 3.35758388316
4653 3.64617187267
4654 4.17270829967
4655 7.79751411962
4656 8.45342563148
4657 2.98625483551
4658 6.64403857981
4659 4.07264394725
4660 4.41004015813
4661 9.26205379295
4662 7.20695238804
4663 4.13625550805
4664 3.47389493145
4665 5.25247895839
4666 8.36219803053
4667 7.54590175584
4668 9.22269095064
4669 6.26820824293
4670 4.06175256273
4671 5.41357042812
4672 7.86144381129
4673 3.6330472354
4674 5.2952407235
4675 4.04603014506
4676 5.7305280841
4677 4.97410728327
4678 3.96559242375
4679 3.94064430774
4680 8.78557592756
4681 4.36836475156
4682 3.6283818906
4683 3.31462101627
4684 4.62878095672
4685 7.30767876074
4686 5.01235775009
4687 4.10200479511
4688 9.46891025471
4689 4.53987504991
4690 6.93301715935
4691 7.44588515236
4692 3.33962376591
4693 4.33779665171
4694 5.60907061345
4695 4.23618551734
4696 6.80351680287
4697 5.87116080789
4698 3.73034576613
4699 4.9172749184
4700 4.76397950645
4701 8.53099273123
4702 5.43464362367
4703 5.36509514125
4704 6.1995258389
4705 3.9932705346
4706 5.39169840181
4707 4.90253283594
4708 9.29211523543
4709 9.7806584564
4710 6.95616443878
4711 4.59887758969
4712 3.98833732133
4713 4.9428551499
4714 7.23031854448
4715 5.29992805709
4716 4.60089213817
4717 6.84524861265
4718 4.91953024177
4719 7.80494860924
4720 3.79030974794
4721 4.27306569152
4722 5.36322429839
4723 6.80631223935
4724 5.28005169471
4725 7.31995639304
4726 4.65679295859
4727 4.20929363597
4728 4.09380048507
4729 4.43736309276
4730 4.58779309171
4731 6.29115687499
4732 7.40546527172
4733 5.18728026081
4734 6.14664847018
4735 3.95406607681
4736 4.36047099677
4737 4.73033116281
4738 5.93592547555
4739 5.69856782302
4740 7.14757128363
4741 5.98904311871
4742 5.25771772457
4743 3.55965206061
4744 6.89834124237
4745 4.03830106188
4746 5.64430393677
4747 6.60099045713
4748 5.8441933123
4749 6.02977631219
4750 7.20915950167
4751 4.88952093094
4752 4.55640512246
4753 3.06861112638
4754 6.5232936036
4755 6.25261113481
4756 5.98523372366
4757 5.28562572858
4758 6.33143164661
4759 6.288598909
4760 5.2668808324
4761 3.83903633748
4762 6.68736983436
4763 5.47590574615
4764 5.16637422001
4765 4.26845265658
4766 7.36227193227
4767 6.65118419372
4768 4.7562573464
4769 6.4985605364
4770 3.98396366335
4771 8.14825088696
4772 11.39865763
4773 9.2188895223
4774 6.65863062689
4775 9.11727492605
4776 8.77290768469
4777 12.057822916
4778 9.91333468444
4779 9.69383892881
4780 8.49505685675
4781 7.52851828325
4782 7.07837217229
4783 7.32850836118
4784 7.87793714711
4785 10.5142624604
4786 9.21151096857
4787 6.06043522404
4788 6.18006896054
4789 6.49149663018
4790 4.73733052445
4791 6.16121415715
4792 9.6463828862
4793 6.86287751509
4794 9.20354700123
4795 7.7145764148
4796 4.41687358646
4797 7.017645741
4798 7.70339377311
4799 8.94239712942
4800 6.57475298147
4801 5.5191951875
4802 4.81972579086
4803 5.62683107859
4804 7.70291252559
4805 3.96464418716
4806 4.39258715991
4807 4.04690860472
4808 7.77250602751
4809 6.51624549922
4810 4.48251994709
4811 5.89775327588
4812 4.36406573024
4813 5.75509127335
4814 5.5064921833
4815 4.88763988148
4816 12.5142882891
4817 8.22587730596
4818 6.69642226866
4819 5.74903095033
4820 6.51048824676
4821 7.68819826942
4822 6.30533633471
4823 10.1244606886
4824 6.82001298266
4825 4.25003686778
4826 6.91169476015
4827 5.22014290319
4828 4.40772467379
4829 7.21078090477
4830 4.69965799677
4831 4.79549887479
4832 4.88084765123
4833 7.28841317649
4834 8.80852776511
4835 5.20965138103
4836 3.98384304086
4837 4.13913091027
4838 8.73312816299
4839 6.5581784561
4840 5.56313546774
4841 5.51388941009
4842 4.09761794394
4843 8.85099854468
4844 9.85145002579
4845 6.21644993094
4846 6.00355778097
4847 8.28109574761
4848 7.2652661561
4849 6.02644613887
4850 4.6369695829
4851 5.7301183628
4852 3.67551108871
4853 4.50640403781
4854 4.08785978972
4855 4.87261441107
4856 4.15369183416
4857 6.02276339966
4858 6.14627494007
4859 3.87638322318
4860 6.13034290849
4861 7.38950247965
4862 4.1592152563
4863 5.00295257003
4864 3.40832144509
4865 6.01897999701
4866 6.68980697765
4867 3.57481768631
4868 3.64389629703
4869 3.9775776497
4870 7.7701851425
4871 3.73271416443
4872 3.70605450226
4873 4.54911903679
4874 5.6109093885
4875 8.73898020492
4876 6.06727337216
4877 5.44782427674
4878 4.40336903524
4879 5.79831514567
4880 6.68095805969
4881 5.11172374664
4882 4.07025411024
4883 3.60258953905
4884 8.29241796464
4885 6.08914493085
4886 4.60442908739
4887 4.9748405915
4888 4.89553637434
4889 5.05023410939
4890 10.9064247348
4891 5.1939584349
4892 5.9140109043
4893 5.69435408623
4894 3.93451984118
4895 5.07567160779
4896 5.51551863318
4897 6.76060174486
4898 3.45216556398
4899 5.25728104886
4900 4.03407273396
4901 3.13070595679
4902 5.97774631219
4903 4.98528093995
4904 6.39493820479
4905 3.462997576
4906 5.89788400415
4907 3.36155233039
4908 6.4461545493
4909 5.62592596282
4910 7.37217394461
4911 7.38710328305
4912 5.28960607848
4913 6.08639105615
4914 5.09775700361
4915 5.0163997136
4916 4.70760706997
4917 11.2039522265
4918 5.18937150873
4919 5.38335083099
4920 6.82378108347
4921 4.45802714334
4922 4.8560415932
4923 7.86165575256
4924 3.64625856483
4925 3.56316333098
4926 5.70316755469
4927 6.35309772173
4928 5.69787730944
4929 9.6484669204
4930 9.92725200545
4931 3.84706775303
4932 7.12796334995
4933 4.10363443489
4934 4.24764966965
4935 6.23203936703
4936 5.42453730757
4937 7.17150615606
4938 5.46146304452
4939 6.15042489481
4940 3.81054173624
4941 3.87810067971
4942 4.27839722717
4943 4.81877614005
4944 9.20323210029
4945 5.74438570868
4946 4.10976334741
4947 4.04486812883
4948 5.06848326276
4949 7.50437652043
4950 5.79258591702
4951 8.40872778258
4952 6.11872746443
4953 8.20917553821
4954 5.67009868936
4955 3.87871256154
4956 4.58878132314
4957 3.73161580843
4958 5.20634716749
4959 6.02922104162
4960 4.68917826709
4961 6.54103492988
4962 5.84270203669
4963 5.34434955179
4964 5.15754661874
4965 7.0706613007
4966 5.52568333234
4967 4.22975238512
4968 5.76562080844
4969 5.80102517746
4970 6.72953582343
4971 6.25068253007
4972 7.99907700519
4973 7.9841240333
4974 4.18058893258
4975 3.9224164889
4976 5.87002666215
4977 7.27851388058
4978 6.59098010236
4979 4.81906837809
4980 7.40759333608
4981 6.87569178588
4982 4.2546186107
4983 6.4105447174
4984 5.74839778921
4985 7.43864890588
4986 4.36653694476
4987 3.43449590149
4988 3.45076206098
4989 7.05700134912
4990 4.89704205683
4991 3.88198738562
4992 4.17038196784
4993 7.21554341836
4994 5.26794255805
4995 4.60922471063
4996 7.08723134271
4997 7.59166971151
4998 6.66959658997
4999 7.54255965887
5000 7.89659837188
5001 0.51389034694
