0 0.0
1 11.1454374251
2 7.79616464838
3 12.6873879184
4 11.4181433761
5 7.74867011748
6 11.0924587931
7 10.8212288991
8 8.37452836513
9 5.5286367543
10 7.95961443096
11 15.6841327836
12 11.0108679764
13 12.8834130307
14 7.16374279842
15 6.71354335566
16 5.95120969254
17 9.71830569043
18 7.32520166016
19 15.4318309338
20 9.15371340937
21 9.4709603034
22 8.70935927662
23 7.68166633043
24 6.63013264319
25 9.83388299025
26 7.16146948195
27 5.35563731013
28 9.77354227384
29 11.3959912065
30 15.6841327836
31 13.0727673452
32 7.32875434281
33 19.0177841652
34 15.0462980231
35 14.1386969674
36 11.4577300446
37 9.58189318422
38 8.7347870703
39 10.783698334
40 8.30944852795
41 15.2556037435
42 18.429350727
43 8.35005665377
44 9.99309215296
45 10.6453591751
46 8.24127514566
47 9.26098870235
48 7.86064585574
49 10.928768454
50 9.95188302155
51 8.86010828372
52 11.5938376303
53 20.072062154
54 7.86742651289
55 10.8011841783
56 9.89955538944
57 7.91212794241
58 8.56285048678
59 8.04139597945
60 7.33873144618
61 9.31890670459
62 7.66019493429
63 6.12654390426
64 15.6402393306
65 9.41846516152
66 8.77692449898
67 16.6003373212
68 13.3645272398
69 10.9687650837
70 5.66005926536
71 11.8220873839
72 16.4630972457
73 13.277503764
74 21.4434212402
75 6.06840311841
76 6.44046113308
77 11.8125004375
78 11.1634769867
79 8.04847876308
80 11.3163395933
81 9.05189336712
82 4.99444858953
83 27.222345348
84 11.7758847739
85 11.4180427247
86 9.35991526548
87 13.5356735002
88 7.24197412907
89 15.5812357849
90 9.252847296
91 9.79946178452
92 8.28694905694
93 11.4355621224
94 17.6191597832
95 7.4154022409
96 13.5351999903
97 15.6149634172
98 10.7446828951
99 12.5204726751
100 7.42188193479
101 10.5179440046
102 6.26839563152
103 9.07624389643
104 7.88488200667
105 7.41205222676
106 10.4951801847
107 6.14175020975
108 12.1553810541
109 8.96926782891
110 13.9296099663
111 8.66870541018
112 10.4238705894
113 23.2169490205
114 10.3012461103
115 10.5708591887
116 7.41872401337
117 7.53979623768
118 14.1262709631
119 21.0760372045
120 16.3871845821
121 12.7499586125
122 14.174321318
123 12.7825425796
124 14.7786888634
125 13.4935184567
126 11.5742201289
127 10.4679191388
128 7.7481701886
129 9.99182033862
130 8.91164986748
131 9.25815175159
132 10.502328174
133 9.94833117009
134 11.0038199207
135 8.48614794516
136 13.2016380627
137 10.3316386189
138 6.35985104249
139 6.95344843282
140 13.5182398252
141 9.9342280683
142 11.5187721296
143 10.5189662346
144 11.0653315101
145 15.5298790072
146 12.4654851219
147 16.4399849048
148 9.54231907325
149 7.67450986346
150 10.2620070329
151 8.38165501604
152 8.41860337843
153 7.40754335998
154 9.04768452395
155 12.1115323851
156 12.2355939354
157 8.11494578953
158 5.47805217262
159 12.7894000049
160 9.36106739355
161 9.37035950653
162 8.21838491182
163 11.8697530148
164 7.45188942382
165 10.5220430183
166 13.0077151847
167 5.89457691224
168 12.298913271
169 8.84483002301
170 11.8090600799
171 7.41761152645
172 10.748817938
173 8.74234287224
174 18.6328049733
175 17.5843693673
176 9.68686651572
177 8.49459143989
178 10.1678858832
179 9.21374444367
180 12.0480987276
181 7.78864215976
182 8.09217959046
183 18.189858433
184 15.7965286204
185 8.60322341257
186 7.14930369278
187 25.7537560612
188 9.56458895872
189 11.3945844739
190 10.9443955371
191 8.17473926137
192 10.0618343472
193 9.88539157223
194 11.8228578712
195 5.50043617232
196 10.7337212303
197 6.94392431593
198 6.31752931067
199 8.98759582945
200 8.71884667383
201 10.5641088911
202 7.24533200183
203 8.45142398919
204 18.7833149862
205 9.60553213706
206 9.81743360749
207 5.08782776926
208 10.8178308349
209 14.0266230158
210 17.9520942553
211 13.8427736127
212 20.2315571905
213 10.037440329
214 24.7040241647
215 9.72423392365
216 7.64607470142
217 7.67081083885
218 20.869116056
219 13.676437155
220 14.2389600099
221 14.5906125346
222 14.1228395511
223 11.6792757104
224 9.39763155722
225 7.08837737341
226 11.7964322981
227 10.5804048839
228 8.23415458663
229 8.51348849886
230 9.3716472879
231 11.7314463422
232 12.5233115846
233 8.18038123477
234 6.23568614569
235 9.99521006034
236 17.1818381933
237 14.9394055294
238 22.1247499081
239 15.4629747577
240 7.42658858766
241 14.4257391828
242 10.2288217974
243 11.5032571909
244 9.19530566022
245 8.58132587366
246 16.3112098545
247 11.4809740121
248 12.2057862689
249 6.8967431113
250 5.61333605867
251 13.7957662353
252 9.1834789743
253 8.28460541141
254 14.5945742591
255 7.65921909201
256 19.2566688822
257 9.24130510826
258 14.6310349239
259 13.8805336037
260 10.085487994
261 9.37753695493
262 4.60430003536
263 7.75696341905
264 18.9260814623
265 12.1668746075
266 7.71990332578
267 5.89820691216
268 15.0669303514
269 9.00790775955
270 12.8093550752
271 8.465726513
272 13.4531496385
273 10.1901173328
274 4.41429569722
275 12.3935903428
276 14.250913493
277 5.06166063708
278 13.1079504401
279 8.7169525099
280 13.1735371772
281 11.8329949515
282 8.47298860824
283 11.6148534527
284 17.0745994494
285 6.46685039808
286 12.1513170956
287 13.2164715188
288 17.9284765985
289 16.5581662924
290 9.87523493106
291 11.4001806869
292 13.5590063829
293 15.1079574254
294 16.8298824828
295 10.7188395093
296 14.6562045717
297 13.3835089184
298 10.4272293251
299 8.45837822125
300 18.6953586986
301 11.8238791589
302 9.0838996633
303 14.1746561488
304 8.01141594087
305 12.6443811332
306 14.5858927005
307 13.214218587
308 8.92977550349
309 14.6543388523
310 9.77455240147
311 11.224973409
312 9.4322038106
313 6.59967518408
314 13.0699377286
315 9.14561192684
316 14.8164466725
317 7.0742606204
318 17.8786385644
319 7.69557844832
320 5.09012964134
321 6.93172738362
322 5.37193800469
323 7.85559136986
324 7.68566529098
325 6.82461959378
326 8.84812614368
327 14.7196824189
328 8.8895815933
329 17.7627300428
330 11.7789347649
331 6.55338090098
332 6.80367595382
333 10.1786117253
334 11.8513063025
335 10.6370522989
336 8.55827842181
337 6.80512903095
338 9.72692054728
339 4.91160007751
340 13.8695543748
341 14.4200984239
342 8.81254009033
343 9.91522893345
344 10.4047675919
345 14.1416386194
346 8.85789728368
347 8.92659503079
348 11.7921529434
349 8.51632470148
350 8.68181416515
351 10.2345077684
352 10.7657813126
353 13.892826006
354 10.3680214593
355 7.17058287565
356 10.1787968455
357 11.8900644238
358 8.25839114469
359 12.4133888889
360 11.6368805883
361 13.1796021826
362 7.22986114805
363 12.1345985434
364 9.63822545413
365 9.41190149817
366 8.71075327838
367 11.3283726857
368 13.2190304623
369 9.44226981438
370 11.688251078
371 23.3245937309
372 7.54221939856
373 10.1528168336
374 5.49277990157
375 11.9411279599
376 9.82320074917
377 9.6065994012
378 13.6478653991
379 10.2805943432
380 13.482207069
381 11.9964122321
382 7.11992306617
383 9.55847512329
384 19.643260741
385 7.40385790997
386 15.203010264
387 11.9128895433
388 16.9718695516
389 8.31953888315
390 11.0941583244
391 9.83778233912
392 6.35825415179
393 7.87576791107
394 9.22320113124
395 8.8589713523
396 8.9303396782
397 12.3968653833
398 9.04172556751
399 15.5589789347
400 9.59418071514
401 10.4005790933
402 10.3044591991
403 9.21319754066
404 12.1476989016
405 9.72671623158
406 11.0159072704
407 14.2872502525
408 14.9753297209
409 6.6646498798
410 9.14527199356
411 15.2362301464
412 9.29981360811
413 9.37916426265
414 11.3037677038
415 9.95750752751
416 9.04283688632
417 15.0131992166
418 11.48004632
419 10.2917315883
420 10.0824758952
421 13.5061513045
422 6.73732357973
423 8.80140678364
424 12.0516299244
425 15.8723869893
426 9.39583813471
427 11.8353395466
428 10.0137504996
429 13.1084945755
430 12.679630242
431 19.185885423
432 10.644325089
433 12.5026828663
434 9.93620730462
435 11.4759018605
436 10.3734294212
437 13.6167581125
438 9.1916012447
439 9.50800744691
440 16.5632955497
441 14.6932732879
442 13.1197507172
443 10.7629384607
444 13.6227902413
445 6.44921832684
446 9.43976519087
447 20.0584555011
448 10.0095563601
449 9.6562083655
450 9.41700921822
451 17.6878742929
452 14.6935640146
453 9.07628124601
454 6.40162327337
455 11.3377863162
456 14.7326582036
457 7.66210986427
458 10.1334612925
459 8.88363920539
460 14.5015129616
461 15.9480291235
462 12.9648636781
463 14.7502956071
464 11.5809493775
465 11.8737807179
466 12.678200649
467 19.4341011729
468 20.3037337429
469 11.8358465072
470 9.38565806298
471 14.7661251056
472 10.4073118077
473 7.44414516021
474 16.6090500427
475 9.27777317639
476 10.7730045056
477 11.0333290193
478 7.61338187657
479 5.94533999614
480 9.64087172218
481 11.1050092321
482 7.43339344499
483 8.61041512965
484 11.641355662
485 9.16639447586
486 13.9911822692
487 8.89317106948
488 7.96258035375
489 15.4852750454
490 13.9854154048
491 11.9180687786
492 11.0477312643
493 14.0188139211
494 8.32374132253
495 15.5345891441
496 8.48961802795
497 12.6316010115
498 17.0078302981
499 9.17303518796
500 13.6267535481
501 8.93979562862
502 7.31187607624
503 5.54492193815
504 12.9471796808
505 14.0976713922
506 9.8724926773
507 15.8880797418
508 11.7404887562
509 17.2749777042
510 8.5167519506
511 10.5841341716
512 14.4097066342
513 10.9743669952
514 14.293539794
515 14.8543633973
516 9.24452153229
517 15.0545723538
518 7.47880490072
519 9.64241910786
520 7.8505272444
521 15.2603861701
522 5.97462281831
523 20.9398311752
524 13.1902710368
525 9.83060093445
526 16.8228656256
527 9.66162609592
528 17.1703286333
529 29.6049027881
530 14.8273741895
531 12.0615857293
532 16.5766750069
533 8.37501954307
534 7.3597577154
535 8.32225097291
536 15.9646670837
537 8.31398921606
538 10.1728544317
539 7.47882407255
540 34.7143016454
541 11.2127674512
542 11.1685216446
543 13.4202836269
544 14.307603653
545 10.2738904816
546 8.8375304027
547 15.6566817391
548 13.8834133929
549 9.99831190091
550 7.64265022033
551 9.42674366584
552 10.1904781249
553 13.2286567405
554 17.6029508609
555 10.182763713
556 7.23778561658
557 8.056159217
558 7.90162639318
559 7.87199941051
560 11.9021208573
561 18.8872764671
562 14.3245037559
563 18.3984272126
564 13.6418037695
565 9.6445868576
566 12.863818524
567 14.3713356793
568 13.7320095275
569 13.2452543351
570 9.62928002444
571 10.9999834548
572 23.1717280863
573 19.3699135966
574 12.0369350424
575 19.4341011729
576 6.84695009534
577 13.2317390808
578 16.5369606058
579 8.95030048016
580 7.60262711085
581 9.168254921
582 9.69483554449
583 10.2402779033
584 8.01293432715
585 9.28532706178
586 12.7295018785
587 12.9425227145
588 12.7698726975
589 11.920797792
590 14.0103441628
591 6.66512938953
592 16.7816190496
593 17.0070764506
594 15.9426631035
595 13.5872812697
596 13.0186212746
597 8.90908495567
598 11.0641984451
599 8.94052484909
600 15.2273224744
601 12.3518781401
602 13.8788573425
603 21.6151597245
604 19.4341011729
605 11.3024064703
606 10.8455721985
607 6.73409984894
608 11.0557047931
609 12.6969291241
610 15.6064369077
611 9.97159590903
612 12.343400859
613 12.1374206023
614 10.3382008369
615 14.6085249322
616 15.0601409796
617 11.3346299271
618 8.0117228389
619 8.77115538021
620 8.5720489953
621 19.1413604338
622 12.4331641819
623 11.758602161
624 19.34047261
625 19.0996275327
626 11.9598011634
627 10.6533017365
628 10.1431753117
629 9.02868005678
630 11.1248331913
631 12.7027631628
632 9.23140449396
633 18.9111840887
634 15.5685940412
635 9.17998794717
636 13.7521084247
637 13.0828648026
638 5.99953790696
639 12.0399490752
640 13.9293704633
641 6.64726155165
642 13.1934005963
643 12.0030739926
644 15.4258374489
645 6.36116562459
646 9.22164130991
647 13.4686280885
648 10.0041076556
649 6.12328297453
650 18.8514653682
651 9.65058792758
652 16.7164571236
653 23.4306740259
654 20.7030234338
655 9.15764729234
656 6.68573637251
657 7.71419145701
658 8.26389047674
659 9.84039366896
660 14.8226632578
661 7.79394615342
662 8.39275656364
663 8.00889202282
664 18.3015801739
665 14.7276221863
666 10.5939613494
667 10.4746469303
668 10.2449302396
669 6.57977083981
670 7.21510150861
671 6.05691521938
672 13.1647516265
673 11.4135140508
674 12.5743907363
675 8.76297083809
676 12.8178230519
677 12.7250034184
678 7.76018194723
679 9.46777921374
680 15.3795380831
681 10.2803574051
682 9.03750891658
683 7.95092405668
684 8.10271806061
685 9.66594678868
686 8.59379913734
687 14.2050919068
688 8.21021027199
689 16.8389782342
690 10.254549452
691 14.9857313839
692 11.0964655905
693 11.9959753442
694 9.86302277395
695 9.78013364083
696 9.62693260545
697 13.1345237743
698 14.4226619849
699 12.7529596255
700 9.91809230286
701 9.88554502254
702 6.21769719241
703 8.1345505942
704 9.43044870742
705 8.46133868889
706 6.43974348583
707 10.1732691677
708 5.60240904571
709 9.88447298617
710 15.2540793466
711 13.242665868
712 9.32761078491
713 13.3936590741
714 11.9720203468
715 10.2326742561
716 12.4455367741
717 11.0633192662
718 8.15972136578
719 15.8500013754
720 12.0403948356
721 11.9645194435
722 10.8464210014
723 13.5832622266
724 6.5770769786
725 7.45235172506
726 14.028977619
727 7.84876674009
728 3.60481249452
729 11.5787996431
730 9.57621975319
731 9.71908839399
732 10.7343966402
733 8.8392305539
734 7.88245051159
735 11.1035813352
736 17.467727476
737 9.85441013064
738 14.5826185873
739 13.4204766969
740 11.5744870707
741 15.8801236038
742 17.8152139276
743 10.1213344577
744 11.3661383138
745 18.2317935424
746 21.0679948451
747 13.0082301709
748 20.8530717114
749 6.19563079207
750 7.50726670081
751 6.30005167344
752 20.1561485807
753 14.283906755
754 14.2838873817
755 9.10145093338
756 11.7714781836
757 10.9523697579
758 7.65702182123
759 9.89624967156
760 10.2740080057
761 14.9156223784
762 8.79078128427
763 11.1717163843
764 10.9760748526
765 11.7278777631
766 14.5071888016
767 19.9052852733
768 5.80457034604
769 8.89029844209
770 8.36578279297
771 19.3602769039
772 6.98205373628
773 11.2033230923
774 8.4529791944
775 6.18891366879
776 7.26424936172
777 11.8201357367
778 8.52468401129
779 14.8958610827
780 7.77812041374
781 7.79815517585
782 10.3041152912
783 19.3822097127
784 13.0692274308
785 9.66540131725
786 21.7119782909
787 12.4174278276
788 10.0434293968
789 8.53032907117
790 13.3765319436
791 11.7101669473
792 15.3629344165
793 9.15011037754
794 10.1535047452
795 15.9452150509
796 7.69495216047
797 7.65600262922
798 14.0031446607
799 7.21607241505
800 7.38709303876
801 7.78794942632
802 7.4326594312
803 7.63815706797
804 14.9860621523
805 9.20338792199
806 8.67677731225
807 9.22651783491
808 11.5188860944
809 7.82869818232
810 8.80749250345
811 10.4338052544
812 8.60422435251
813 11.0816967134
814 11.5970765556
815 12.658459228
816 7.63534426186
817 13.7278343421
818 6.09964607916
819 13.9802075589
820 12.4108903385
821 12.6111760144
822 11.2803996267
823 13.1865877451
824 20.5230751384
825 5.85451057009
826 10.6877810495
827 8.72095386669
828 11.9828288136
829 10.0740400709
830 11.8941263965
831 8.06760972292
832 12.2118433211
833 12.1174694941
834 15.0122832618
835 10.0691712616
836 9.9438055881
837 10.3857749125
838 10.0798399758
839 13.2123738867
840 12.9276872092
841 12.8375541038
842 10.393582664
843 7.62468642393
844 14.735573511
845 9.3352475296
846 9.78454716065
847 7.04153818812
848 8.14113079748
849 10.0175956275
850 8.00079832814
851 14.27664391
852 19.3308131886
853 10.1923640327
854 8.47121743624
855 7.65482654053
856 8.72090806031
857 12.5726320372
858 9.98179941777
859 8.5367279881
860 20.456462069
861 11.1226849805
862 10.7996188177
863 24.990711818
864 4.94259730635
865 5.77564943364
866 23.1369461051
867 13.6121832748
868 10.8301103349
869 7.59925899947
870 7.52136159496
871 9.57904930677
872 7.12876918087
873 20.6900137938
874 14.1480336887
875 10.971124175
876 17.8478171458
877 8.42911696751
878 10.7729274356
879 15.99986438
880 13.6906848011
881 14.2871289708
882 16.6592838667
883 9.34790115012
884 8.45768961315
885 8.57100045016
886 13.3536795358
887 13.3771587075
888 10.5516607844
889 9.56031074483
890 9.68468277072
891 8.45815554161
892 15.5484689646
893 12.9734481517
894 11.8917909778
895 12.3413107207
896 21.405731313
897 13.2319946101
898 9.13788941378
899 15.6120469865
900 19.8074280098
901 17.5504620354
902 15.5172871021
903 12.2849547605
904 16.45712388
905 9.37612262059
906 6.9805889072
907 14.2776216674
908 17.7033419746
909 10.1985973684
910 11.5063190914
911 9.46711346565
912 16.615279814
913 11.2797664238
914 7.8277234143
915 6.74877716719
916 9.20260325114
917 17.4395356172
918 9.60862356541
919 6.36593797795
920 6.9037408991
921 16.5991054205
922 5.31019423547
923 9.60640550098
924 13.345407436
925 8.38965927161
926 9.95663403463
927 8.71612375182
928 6.56572314472
929 11.9514831453
930 15.3470205781
931 9.26359293534
932 16.3265455487
933 9.66044692073
934 11.8125581729
935 7.93142734831
936 13.7718998582
937 8.57608901051
938 11.2574230053
939 8.69104494094
940 9.64950862491
941 10.1723984034
942 11.7690184786
943 9.45599052414
944 15.2889324943
945 6.95457519392
946 7.3044135761
947 13.2451729669
948 11.3938982596
949 8.75356819811
950 8.62045452259
951 6.63717518968
952 11.8958588623
953 8.69962702539
954 13.3659577904
955 11.6132499046
956 8.5704806128
957 11.1785641158
958 10.5983332398
959 9.26247366525
960 18.2866839645
961 9.02367777897
962 9.76681462267
963 8.24764422981
964 16.5658394542
965 11.3742438932
966 12.2867090258
967 11.7673155173
968 13.2338744627
969 9.07268287089
970 14.2506391691
971 7.89133943759
972 10.564919185
973 13.0205178916
974 18.2961109859
975 16.0264945259
976 10.1298569566
977 10.9087952939
978 17.071756735
979 9.76601371972
980 10.7983120529
981 9.09512813027
982 11.1189475724
983 10.7894631007
984 12.688983829
985 9.19906955474
986 13.0428781309
987 9.23533547019
988 8.76253753505
989 12.9381625339
990 10.7148492259
991 11.3607214889
992 11.036529614
993 10.8760876583
994 12.6859662687
995 8.55368591103
996 10.2789157287
997 11.2131861529
998 9.99658016803
999 8.73018381576
1000 13.7623985239
1001 9.05681355069
1002 10.1285197609
1003 9.99198641508
1004 11.216274946
1005 6.50240589379
1006 6.84288164413
1007 7.04874265488
1008 13.9790819103
1009 18.3757003135
1010 9.57823629375
1011 8.17678045509
1012 9.82388716891
1013 10.5295782845
1014 7.42026937664
1015 9.12221937715
1016 8.32687052304
1017 24.1845554079
1018 6.18613730309
1019 12.5046462259
1020 8.52405044642
1021 12.1785409707
1022 8.48736116837
1023 5.84820834469
1024 11.7180512628
1025 11.3306625857
1026 7.53425246374
1027 8.83106203675
1028 12.1663491932
1029 9.99768592711
1030 8.30214333253
1031 7.44076689084
1032 7.63068422205
1033 9.07130971641
1034 11.7902984371
1035 8.08714635291
1036 8.2134031993
1037 14.2548765354
1038 7.78067127716
1039 8.94199245072
1040 13.9816195057
1041 20.3233913659
1042 9.53564335797
1043 12.2879432316
1044 10.2064443307
1045 14.7221891239
1046 10.6574616451
1047 7.52786120038
1048 8.85519268406
1049 12.5404959602
1050 5.98514463201
1051 6.73895501934
1052 13.5089771898
1053 29.6697490476
1054 14.7712592262
1055 9.7146263963
1056 14.8336838948
1057 14.1665833826
1058 8.72409182226
1059 13.9793350451
1060 10.6311660736
1061 7.94476416448
1062 7.82238777757
1063 12.5592278618
1064 5.15479584929
1065 20.0396408679
1066 9.48645874621
1067 6.63348247584
1068 7.96225493052
1069 10.3348992292
1070 24.7548911965
1071 9.60804420731
1072 8.67245432256
1073 11.8348908941
1074 9.03443159004
1075 8.14844036149
1076 12.135762963
1077 19.3146568146
1078 13.6543241141
1079 10.3819265938
1080 12.6580618111
1081 13.1749297128
1082 9.73065134713
1083 15.7217874088
1084 7.92581020086
1085 13.8954533197
1086 9.65962809772
1087 8.55133679935
1088 11.9348002492
1089 10.7730928708
1090 10.7669084699
1091 15.1691542092
1092 14.6934119238
1093 14.0266390921
1094 13.8648244537
1095 10.2073916606
1096 12.6005257795
1097 9.17684961045
1098 12.8292508751
1099 11.7574071785
1100 8.98964733667
1101 11.3325000138
1102 15.5850106129
1103 8.94443538006
1104 12.0002618497
1105 7.5300974371
1106 11.1577790858
1107 15.0425237788
1108 16.8619824939
1109 10.3920408981
1110 10.3998122704
1111 12.8315724833
1112 10.6642079511
1113 10.9713525318
1114 21.7356728906
1115 18.3579135406
1116 6.9846373878
1117 10.5373305842
1118 5.58302666771
1119 8.13458385235
1120 22.9384313583
1121 13.7001942913
1122 13.6938641378
1123 6.61459921229
1124 5.85978598992
1125 6.0266580431
1126 6.43121294556
1127 6.88900528948
1128 11.1193947831
1129 10.1824120029
1130 11.4716585804
1131 11.9745613788
1132 11.2454330997
1133 21.2595916563
1134 7.36078129571
1135 11.3874337495
1136 10.5143593147
1137 11.5156667964
1138 8.01939307793
1139 17.3684739366
1140 14.9486147821
1141 9.63986568711
1142 6.54162779357
1143 9.53555924547
1144 8.67372576701
1145 7.59962036085
1146 12.9960746214
1147 12.1956773756
1148 8.04601495909
1149 5.36117061118
1150 7.4996253035
1151 15.6482415444
1152 9.13958557683
1153 11.0599162188
1154 8.49537245105
1155 9.87551650009
1156 25.46431797
1157 8.1983742616
1158 11.9943683359
1159 11.9580622258
1160 10.1691413499
1161 9.51546827531
1162 7.44594505734
1163 11.0872905689
1164 10.4279782789
1165 25.011986937
1166 8.95816257466
1167 8.74312989342
1168 16.169419191
1169 10.0095848542
1170 12.2629515291
1171 11.6531364573
1172 11.6155775073
1173 3.53201768407
1174 6.96118359374
1175 8.32106201558
1176 6.51222739155
1177 15.9485674391
1178 12.8297769959
1179 11.1075577927
1180 10.5458293143
1181 7.94071397439
1182 13.0612917092
1183 15.8694249767
1184 5.72535675039
1185 9.27760288242
1186 10.2715304196
1187 17.3625287958
1188 7.20846742838
1189 5.78128426069
1190 13.567879495
1191 10.7079303278
1192 10.5273113117
1193 11.9087794278
1194 7.01693797427
1195 15.985026856
1196 11.3755118844
1197 10.7274725846
1198 10.0935618119
1199 14.5013382072
1200 12.1989056504
1201 10.4530237559
1202 11.1314775964
1203 9.59015359467
1204 9.68681364281
1205 16.9688643525
1206 10.330474802
1207 22.4290529965
1208 10.5341675649
1209 10.5630322397
1210 5.42900781148
1211 9.52140628687
1212 6.98353533882
1213 8.54561119118
1214 9.91176649144
1215 7.34605945028
1216 9.33945071252
1217 9.92794023402
1218 9.3960905504
1219 8.90364061856
1220 24.8024895992
1221 8.09656435509
1222 14.6742846393
1223 15.4608095896
1224 9.69699321392
1225 7.67066271975
1226 7.4411977347
1227 8.32152775741
1228 8.77455203086
1229 12.1379046245
1230 5.87475331343
1231 6.77638839078
1232 6.65697070598
1233 11.6948158851
1234 7.18077415907
1235 8.33101130986
1236 7.15950469708
1237 16.8936218381
1238 9.21644122761
1239 7.60095477825
1240 10.3424335497
1241 12.8893424771
1242 12.5087719682
1243 8.62261911774
1244 13.2333773847
1245 9.60105582032
1246 13.6096147929
1247 11.6681691505
1248 11.3879365934
1249 7.68400049945
1250 10.2359222522
1251 15.6404436103
1252 11.2181788348
1253 13.6035063101
1254 6.25193088177
1255 8.0509796157
1256 11.9263037115
1257 5.78601458446
1258 17.7150180163
1259 10.808113604
1260 11.6825601649
1261 10.8604006173
1262 9.43869995081
1263 11.4509694287
1264 6.95875100345
1265 7.85852812615
1266 17.437637753
1267 12.0741627578
1268 9.70958562426
1269 9.51726963698
1270 14.0634153884
1271 10.0272868214
1272 11.3490760597
1273 14.0167985349
1274 11.3176234337
1275 14.1523102539
1276 10.9015603133
1277 9.48541627213
1278 5.95652041371
1279 8.71802224197
1280 10.8590753381
1281 11.1448584174
1282 7.51837457712
1283 8.7342529431
1284 8.15548485422
1285 8.30658012737
1286 11.2085148295
1287 11.2273474023
1288 12.5503673677
1289 8.97858218458
1290 13.1362052878
1291 10.6744352837
1292 16.8785007461
1293 6.67363473356
1294 10.5225549339
1295 7.50046538145
1296 13.3703292222
1297 5.42727485055
1298 9.21794640462
1299 9.31493795139
1300 10.4307887695
1301 12.6143386052
1302 8.05845715978
1303 12.9338521178
1304 9.6893763285
1305 9.63843984008
1306 12.567518921
1307 8.15087436955
1308 8.96545621706
1309 13.3230501772
1310 9.59208936328
1311 9.79956396682
1312 18.3103806619
1313 8.87695294058
1314 12.8386659529
1315 9.11904918911
1316 8.33197472393
1317 7.71149957104
1318 14.7183308076
1319 9.8237326396
1320 12.1250382967
1321 35.4768781067
1322 11.4115581981
1323 7.92419958818
1324 13.8337261515
1325 20.9387644195
1326 14.2412750525
1327 8.31748962193
1328 10.7368548964
1329 6.14469030498
1330 7.52007235131
1331 13.4138607422
1332 6.17348829932
1333 9.43958903083
1334 11.6518617709
1335 8.53780274966
1336 11.0583156081
1337 15.2371240375
1338 11.5690805552
1339 7.97983621163
1340 5.84500872718
1341 12.9960924885
1342 9.89033922046
1343 11.5639063591
1344 9.14627491359
1345 6.70863951073
1346 9.23340734838
1347 9.88624802008
1348 9.42353660421
1349 12.4719672649
1350 8.09477509639
1351 11.9640764626
1352 9.37129865165
1353 9.86697442645
1354 13.2188052331
1355 6.9933364089
1356 11.3055165799
1357 8.72442325331
1358 7.00680054879
1359 8.20326265393
1360 10.6111626982
1361 8.47218108148
1362 8.80198709388
1363 7.4573409737
1364 9.37089993599
1365 4.92334885474
1366 6.74513843783
1367 5.23280649658
1368 11.0050734237
1369 9.95955927202
1370 9.17652505018
1371 9.55431231625
1372 13.1234890789
1373 10.6585736531
1374 23.4830887096
1375 23.5101390871
1376 13.6177822804
1377 10.4337867701
1378 16.5471760588
1379 17.4908082265
1380 11.6597831448
1381 15.5913362479
1382 11.2185859517
1383 7.18760133499
1384 10.1044250232
1385 16.7813805621
1386 16.162542328
1387 10.0461124079
1388 13.2016805104
1389 8.19442175406
1390 10.9350817878
1391 6.43072389881
1392 13.9350286067
1393 14.437677218
1394 14.7510261551
1395 13.0057779177
1396 13.2483464173
1397 11.2362596609
1398 10.4571403332
1399 11.9250526743
1400 9.08215076387
1401 10.5915065227
1402 15.770961282
1403 9.82976401755
1404 14.0116840506
1405 17.9185528216
1406 15.5081573484
1407 6.49085076863
1408 6.52208490095
1409 11.0955069797
1410 11.1796685641
1411 9.78574672737
1412 8.17932458009
1413 9.62989015286
1414 9.03469727431
1415 13.6202312185
1416 10.1863687224
1417 7.07843774421
1418 7.59298858683
1419 9.34107506933
1420 7.68704209906
1421 8.06633257284
1422 14.5500999995
1423 8.79157061134
1424 13.020818901
1425 15.3140290146
1426 8.16439634453
1427 13.7074455829
1428 7.51276664701
1429 13.9054512365
1430 7.64409708218
1431 10.7491677405
1432 9.83097114597
1433 11.8052165764
1434 15.5900080971
1435 11.9705680585
1436 11.3639869288
1437 9.28316807757
1438 10.6659999393
1439 10.135369965
1440 17.7021132992
1441 13.8728168193
1442 13.9545402054
1443 8.2415373153
1444 13.1361458864
1445 12.3489075324
1446 7.73447185387
1447 5.86558354877
1448 14.3947820185
1449 7.57362136745
1450 12.3798074082
1451 15.6361564592
1452 16.6307711974
1453 15.4476564418
1454 13.7092761297
1455 8.56150750542
1456 10.0137265736
1457 13.2660034303
1458 7.15288956841
1459 13.0988762935
1460 14.0065376647
1461 10.7637709165
1462 14.5307209622
1463 8.86094738046
1464 12.5000960751
1465 8.37185162396
1466 8.45070670886
1467 9.25211854975
1468 7.83285741478
1469 19.4420146082
1470 19.8862946712
1471 7.3342124996
1472 10.9020712634
1473 11.6835106553
1474 6.91050020746
1475 12.188638339
1476 7.38382269856
1477 16.7417810907
1478 10.7225486729
1479 4.05793855884
1480 7.13511980839
1481 18.6274953669
1482 10.563898857
1483 8.84689359861
1484 17.1538601019
1485 15.8063270825
1486 12.6073247348
1487 13.6859930204
1488 8.4270498384
1489 18.6553289525
1490 6.60585961862
1491 7.83508997441
1492 10.4391383849
1493 8.32922364141
1494 8.74064561424
1495 11.3772090917
1496 10.2595488445
1497 7.55570449729
1498 30.6418421059
1499 22.3442360332
1500 16.056302053
1501 6.06244333783
1502 21.2713841166
1503 14.7318470564
1504 15.0944114208
1505 8.56347060719
1506 14.9326286631
1507 7.02475131933
1508 11.6077687262
1509 4.96462627003
1510 11.5140946465
1511 9.4700455409
1512 15.8528081416
1513 11.4614191997
1514 8.47853574396
1515 6.76129892259
1516 6.66014332377
1517 9.64152283976
1518 14.8486581368
1519 12.6320226149
1520 18.7922287867
1521 11.8104915224
1522 12.4561537879
1523 15.834473444
1524 9.34464507411
1525 9.96711928756
1526 9.81318181232
1527 8.25864592614
1528 9.17426618391
1529 14.0699137439
1530 11.5165248681
1531 11.6282601851
1532 14.7159207751
1533 8.41856834085
1534 7.94490536418
1535 17.9223986758
1536 6.34934240069
1537 8.04570134146
1538 10.6566035631
1539 15.0008026221
1540 9.88160568504
1541 16.940358751
1542 12.003011588
1543 6.00314708319
1544 11.0299111969
1545 11.2072330127
1546 8.78236204374
1547 9.24389840862
1548 9.57064244065
1549 5.54457884957
1550 7.67935336497
1551 4.70493764554
1552 16.1969561776
1553 8.98625756527
1554 6.23408111663
1555 17.0342378383
1556 7.92364190388
1557 13.582818486
1558 7.60940263392
1559 16.3676268538
1560 6.4670188357
1561 8.89629082134
1562 11.5207435778
1563 12.5174759157
1564 10.4636333611
1565 6.73202871417
1566 8.13807731792
1567 9.00650324288
1568 12.7977138088
1569 4.54329785141
1570 8.43272018883
1571 11.4122888287
1572 12.1406130097
1573 21.664919754
1574 19.6212108318
1575 28.374245262
1576 16.9708464226
1577 19.0819335919
1578 14.7420839561
1579 15.1232983427
1580 13.3321923082
1581 7.56056821133
1582 17.1197167826
1583 12.2776958694
1584 16.3687253882
1585 14.0154220731
1586 9.61994401299
1587 12.770338925
1588 11.6499953054
1589 10.9791376419
1590 10.9330585694
1591 8.31756282762
1592 15.4079640995
1593 15.9835853067
1594 11.7463273469
1595 10.6610385877
1596 10.7992355796
1597 13.0653047036
1598 10.7906090485
1599 13.3904020448
1600 18.384132401
1601 16.3054455231
1602 10.8960949987
1603 7.65595452178
1604 6.62266632811
1605 14.5010944796
1606 11.2840469815
1607 17.1993708058
1608 7.88183712439
1609 8.38901301805
1610 18.3159164285
1611 7.99551008935
1612 13.6158690217
1613 11.9023996703
1614 8.8636577097
1615 18.9236350588
1616 8.3045981971
1617 15.7381480863
1618 14.1711319431
1619 9.69561819464
1620 7.13634026721
1621 8.60019701904
1622 11.5849573771
1623 8.483148006
1624 15.1355529879
1625 10.0511496713
1626 7.94083345599
1627 16.4268218845
1628 8.13319006524
1629 8.04640393889
1630 7.38641280443
1631 9.33883903384
1632 13.1462455568
1633 8.83842853123
1634 9.34673904357
1635 8.27434919028
1636 13.2865496296
1637 8.53774227093
1638 14.9414214762
1639 8.31173317435
1640 6.43120711473
1641 7.47976676002
1642 11.0019522484
1643 11.0200562745
1644 9.18675785602
1645 13.4016071626
1646 12.7598122807
1647 12.5746692714
1648 15.4219878093
1649 14.690776958
1650 12.4690870761
1651 9.81079562136
1652 13.3440931999
1653 11.4621748321
1654 13.1476155895
1655 20.8940869393
1656 10.0531923842
1657 6.66423059281
1658 12.6478327029
1659 6.43920680492
1660 9.41050625695
1661 11.8861287182
1662 12.9839276013
1663 10.7241542723
1664 16.6196431528
1665 11.4660689788
1666 11.0021355592
1667 7.40255461059
1668 5.67480251654
1669 12.8121758664
1670 14.5316473499
1671 11.0458465014
1672 10.1233476447
1673 10.5267967609
1674 8.53428736431
1675 10.4067585639
1676 6.41157818188
1677 7.79227145961
1678 8.48206808164
1679 9.58038299318
1680 15.8609087851
1681 8.6242918968
1682 11.4765492953
1683 11.5456162013
1684 8.1412298232
1685 8.58891614158
1686 15.7593589206
1687 9.84440823007
1688 14.3780484026
1689 8.49847854921
1690 11.2204948476
1691 11.0006933216
1692 11.3275509227
1693 7.31650533769
1694 6.73360539405
1695 5.7200817281
1696 7.98085994984
1697 10.2374750394
1698 11.9972831724
1699 13.750218208
1700 12.2307107745
1701 16.2055102622
1702 8.44784275094
1703 22.147373902
1704 13.5602140787
1705 16.5240606805
1706 20.9093824502
1707 13.9229529177
1708 13.9048815507
1709 8.48270848155
1710 15.2346352736
1711 12.3356638386
1712 10.9007625984
1713 8.67348188432
1714 8.28099981855
1715 12.0753430911
1716 7.44186473162
1717 11.2464015947
1718 12.2457739696
1719 9.94876564921
1720 15.5280926957
1721 9.93324412933
1722 8.22043586013
1723 6.86264599491
1724 7.18903428596
1725 13.1754493736
1726 13.9635199677
1727 11.2979044927
1728 7.97582447972
1729 8.7903088589
1730 12.9435022721
1731 12.18759016
1732 7.77831303354
1733 8.98062383081
1734 10.9690571695
1735 9.90223368485
1736 13.1938732278
1737 10.5090568131
1738 7.01284322898
1739 9.43999216469
1740 12.3945168156
1741 8.45355844355
1742 5.0149690006
1743 8.83479833789
1744 7.55786919505
1745 8.75900495122
1746 9.35930940566
1747 14.1824554356
1748 17.6104921662
1749 14.6540367694
1750 10.9408687536
1751 8.32616788544
1752 14.3256141517
1753 13.9271405359
1754 8.79227617967
1755 13.9195032533
1756 10.9424042807
1757 7.56065247896
1758 9.57993715841
1759 12.3086249282
1760 13.0614488032
1761 11.3576349351
1762 10.9759211673
1763 8.38512714262
1764 12.3782385348
1765 10.6680157454
1766 9.40878012136
1767 11.3788258707
1768 12.8918997613
1769 7.60833506649
1770 7.44809165793
1771 6.99802322232
1772 11.7681719041
1773 6.57376894114
1774 10.3695632602
1775 9.26159676755
1776 10.2720099839
1777 16.3853220024
1778 4.89178589303
1779 8.2604536863
1780 7.05237002718
1781 13.8636791909
1782 8.2701571839
1783 16.2967544044
1784 8.79005035531
1785 7.13462947945
1786 6.89607411469
1787 16.6113560095
1788 5.91724914295
1789 11.7698389734
1790 9.47740882726
1791 9.32920151183
1792 13.1706055464
1793 8.12114739065
1794 7.15529289401
1795 8.40559433795
1796 22.7133496348
1797 7.92916928063
1798 8.41643425443
1799 7.89835094088
1800 10.2536800715
1801 6.41551502314
1802 8.2517883768
1803 12.6948480542
1804 8.90133970058
1805 8.65102390719
1806 10.4167405018
1807 12.3964574186
1808 9.89218010488
1809 8.78644309878
1810 8.49412465048
1811 17.9355728042
1812 7.91068355312
1813 9.97427855438
1814 11.4365066746
1815 19.0487162148
1816 17.1844655475
1817 13.5589582777
1818 13.777328389
1819 16.6780271679
1820 8.17222038341
1821 12.3385656972
1822 17.549479064
1823 7.4774777744
1824 18.5175258877
1825 10.2847572244
1826 27.2769892488
1827 8.35818407109
1828 16.3345665751
1829 14.574532652
1830 13.265549027
1831 10.9739207856
1832 12.3694063841
1833 9.85049628048
1834 9.46122780369
1835 8.83422206571
1836 11.7703032299
1837 15.0807728054
1838 6.52703975589
1839 12.7355962786
1840 8.38376833142
1841 11.7850335672
1842 13.1059685609
1843 6.27073961985
1844 11.4769769158
1845 8.10061552258
1846 10.8994161191
1847 20.2505136077
1848 9.24392749458
1849 11.5098935841
1850 7.8450644346
1851 17.7544341585
1852 12.2526000868
1853 19.0346444709
1854 24.4519994991
1855 10.7821935457
1856 13.0978105974
1857 18.8938538893
1858 12.4339243972
1859 15.1659819982
1860 16.5812859244
1861 10.2530806526
1862 11.4792427688
1863 9.06561433578
1864 10.3153059772
1865 7.90921518976
1866 8.34811703355
1867 12.532826956
1868 10.3181106616
1869 12.2630464583
1870 9.05150172526
1871 9.19842207491
1872 13.5071407131
1873 9.25504230244
1874 12.1693931692
1875 9.30820036248
1876 13.5103078675
1877 9.93480183268
1878 9.08363445049
1879 12.1187230373
1880 10.4418899112
1881 12.5105304434
1882 8.93119108478
1883 9.43637020865
1884 8.73528676734
1885 8.96161377587
1886 17.5261342139
1887 6.16805231086
1888 12.779739424
1889 19.4504164656
1890 10.8854479427
1891 11.5624114511
1892 6.72095354623
1893 17.3847628074
1894 9.58875579127
1895 10.5480281523
1896 18.5134484356
1897 12.3508238156
1898 12.1516726922
1899 9.19022400152
1900 7.57992393793
1901 21.934261373
1902 12.6786773074
1903 22.515265494
1904 15.0559768864
1905 11.2526297793
1906 9.51130422355
1907 8.50701017289
1908 16.1974857838
1909 13.9355358463
1910 7.91109386746
1911 7.75652173134
1912 18.5054202276
1913 12.4081038813
1914 13.0569931827
1915 10.8231031027
1916 14.2313564595
1917 17.8656414965
1918 13.9937695413
1919 12.9809017876
1920 9.81216633475
1921 17.0114810129
1922 17.9071255862
1923 20.0971927764
1924 12.0144992534
1925 21.7382851568
1926 15.1659230562
1927 15.5588352307
1928 10.3117535212
1929 14.0746566316
1930 11.9098360126
1931 10.5529036551
1932 7.68442033831
1933 12.2533839526
1934 16.020393861
1935 11.578003124
1936 19.102394849
1937 6.64363434106
1938 8.75781421647
1939 14.1613556444
1940 12.2802831748
1941 10.6989775059
1942 8.67489160141
1943 13.8796182573
1944 17.4816232493
1945 6.93599049993
1946 9.7815977664
1947 11.8057024867
1948 10.1540476979
1949 6.35508439863
1950 7.3683114084
1951 10.8708662728
1952 13.7655062964
1953 8.19325894285
1954 9.27293794758
1955 13.6579173925
1956 9.35595813778
1957 7.70149070543
1958 9.85474900098
1959 10.8561640777
1960 7.54397523782
1961 10.7860754088
1962 5.62876040102
1963 11.6033838327
1964 7.55976473739
1965 12.7038443568
1966 9.03016111789
1967 12.0164477726
1968 9.01158769884
1969 12.0584792451
1970 6.6888796196
1971 11.483243842
1972 7.4875612809
1973 11.8175121563
1974 9.1834789743
1975 11.7505456403
1976 9.92978653563
1977 10.2458145839
1978 11.4856730387
1979 11.7225319841
1980 17.9415854816
1981 11.5833621687
1982 12.5854396253
1983 10.9074875751
1984 23.393205249
1985 9.86868775136
1986 14.0600905117
1987 13.7789291534
1988 18.8936676477
1989 8.52139368015
1990 10.9404660085
1991 15.0657123612
1992 11.9655640388
1993 9.59690339275
1994 12.9437835285
1995 9.33460749463
1996 12.7557705623
1997 23.6740578258
1998 11.8834509747
1999 13.4797953108
2000 6.91156146459
2001 10.981768305
2002 9.12041685999
2003 9.92366966055
2004 16.3209946985
2005 10.4097456428
2006 18.8613941981
2007 8.48438429045
2008 11.0394762029
2009 12.913396306
2010 9.05132453608
2011 17.1683156343
2012 8.00691981346
2013 13.3930539723
2014 11.3126744476
2015 14.0291849574
2016 12.1044703055
2017 10.9709445308
2018 4.44886015351
2019 12.4244492581
2020 12.4396501527
2021 7.80753748506
2022 19.5281550199
2023 9.05772603974
2024 12.6558029143
2025 8.55014404131
2026 13.8515368118
2027 7.94296488422
2028 6.50228563642
2029 17.3540508011
2030 8.05016355563
2031 14.5832801872
2032 9.7972898468
2033 13.7203350871
2034 9.98497384209
2035 9.62661666657
2036 11.1457187031
2037 7.1487893659
2038 12.5765679737
2039 12.1811611246
2040 5.59873247226
2041 11.7321355175
2042 8.14761757746
2043 10.7147948484
2044 12.5524653681
2045 11.1296521462
2046 14.3145867007
2047 12.2118427382
2048 13.9270362775
2049 6.96764009316
2050 7.01184906993
2051 18.6571253393
2052 11.2100832264
2053 12.9299439712
2054 8.45439685033
2055 11.5721957095
2056 10.3995167716
2057 9.95052804356
2058 11.4925818016
2059 14.5170822379
2060 6.20663872113
2061 18.0279562739
2062 8.07685619895
2063 10.5344715011
2064 7.41881728946
2065 9.29355233366
2066 19.0651101493
2067 13.5285722374
2068 14.8960159505
2069 10.2542763986
2070 5.6645598794
2071 11.4927697475
2072 22.672460286
2073 11.9934288642
2074 6.29301245256
2075 7.43010312621
2076 9.57625501522
2077 11.7915717964
2078 11.799896018
2079 9.0479093534
2080 10.5551348393
2081 13.6700195722
2082 15.8992698942
2083 8.75749792169
2084 16.4556692447
2085 11.5516775635
2086 15.0712267738
2087 9.54777879856
2088 5.19309778699
2089 14.5437959964
2090 18.3675838057
2091 7.62218592971
2092 7.49109129265
2093 13.5142997493
2094 15.006938378
2095 11.97250154
2096 10.1953681781
2097 7.21388598427
2098 11.0150761841
2099 6.96608848407
2100 14.2335059414
2101 6.8323614658
2102 5.77723182025
2103 10.1739250946
2104 6.79872707488
2105 9.80278249061
2106 10.632813782
2107 8.5187423884
2108 13.2032368568
2109 8.93918635136
2110 10.3068205868
2111 9.04820774844
2112 8.15303012863
2113 10.469429255
2114 9.14543484167
2115 11.4351621017
2116 5.8103264101
2117 20.1226929556
2118 16.0706173202
2119 11.4736837289
2120 16.026094782
2121 12.5150899977
2122 10.9933476837
2123 10.9176985082
2124 20.4407654094
2125 14.8037646006
2126 12.8396338387
2127 11.897708991
2128 11.6193253755
2129 6.95710855643
2130 12.6579903051
2131 12.8815418109
2132 10.3842549266
2133 10.0385015111
2134 10.3750357235
2135 10.6307568489
2136 10.0028225777
2137 8.12056689609
2138 14.6017600236
2139 9.24129670266
2140 12.2929453987
2141 16.3880633267
2142 10.0548097003
2143 16.5982476706
2144 12.5318135233
2145 15.6786358298
2146 5.66211136701
2147 13.3378924903
2148 8.47245985322
2149 7.59165433677
2150 6.6380910237
2151 11.6181558962
2152 16.7853058324
2153 6.52792094698
2154 12.8469314802
2155 14.0525943706
2156 14.1202788491
2157 18.5234818971
2158 9.03228652486
2159 9.04904932816
2160 15.6861912447
2161 13.0387798879
2162 14.0307527796
2163 12.0453517191
2164 6.9551869419
2165 9.62041287621
2166 12.8739413012
2167 9.69583380838
2168 12.6140729293
2169 26.8432750964
2170 11.6237676764
2171 18.8523647339
2172 11.9569425689
2173 7.87061109153
2174 12.8473497276
2175 12.1493016069
2176 12.3684667019
2177 10.7078327448
2178 10.1730694264
2179 16.6999688906
2180 18.2445993832
2181 8.18089447415
2182 11.0789225218
2183 11.4340665271
2184 10.9761705627
2185 14.9392295908
2186 14.2359951481
2187 11.195562864
2188 7.99482102304
2189 9.76063999061
2190 10.6219089401
2191 11.0363001561
2192 10.3945998069
2193 11.5456781108
2194 7.37444929679
2195 10.9084831758
2196 15.2937171333
2197 11.7634716363
2198 9.81441045637
2199 8.90514753924
2200 6.48296723549
2201 8.72034361114
2202 12.6149886475
2203 6.61763276196
2204 15.3000237164
2205 20.7590758056
2206 7.46434768893
2207 8.64878225846
2208 10.5542994141
2209 14.6080793655
2210 11.7031228115
2211 6.76253971988
2212 9.85189777617
2213 13.6617672682
2214 10.4196660609
2215 9.36282566334
2216 6.63693529843
2217 10.4103042258
2218 8.0140283926
2219 21.8851160752
2220 15.0856559667
2221 13.5208562735
2222 7.91824352296
2223 11.386999973
2224 12.7649327774
2225 11.3923381441
2226 12.0650869975
2227 17.0397419597
2228 12.750520236
2229 12.8877294178
2230 19.5559774324
2231 8.2420431816
2232 6.31221419481
2233 7.67438317187
2234 10.9712010801
2235 9.58559079359
2236 7.88429890609
2237 6.38867867171
2238 6.82809251702
2239 7.687473806
2240 8.54146647675
2241 13.2307705543
2242 8.00793624631
2243 12.979512038
2244 11.0147792181
2245 14.510945474
2246 7.89805542174
2247 8.79311265372
2248 23.0854940948
2249 16.7811474675
2250 12.4650927837
2251 12.5914508253
2252 17.311935439
2253 10.3941904826
2254 15.5757790814
2255 12.2806631811
2256 17.8169119358
2257 12.6842146756
2258 9.88801967383
2259 16.6296551662
2260 8.32770429127
2261 11.5115697226
2262 10.56516791
2263 11.7682291638
2264 10.6102411827
2265 11.0605853349
2266 11.5113260589
2267 6.67359146367
2268 8.63259867244
2269 11.0824272583
2270 15.2607117494
2271 10.7005629318
2272 10.0032013228
2273 7.41244069649
2274 8.9254241011
2275 12.0615549504
2276 12.5986961928
2277 10.9791233098
2278 6.49708626509
2279 9.59870353538
2280 7.7158619548
2281 10.465562677
2282 6.69786843804
2283 7.53474894479
2284 11.0676338894
2285 5.02261387599
2286 8.69620610942
2287 11.9560014215
2288 10.3063740584
2289 10.4264559163
2290 9.75269588683
2291 7.33478743722
2292 8.70463114955
2293 9.58280965576
2294 13.5169180685
2295 15.3352242931
2296 7.76423553496
2297 24.574816538
2298 12.3280289539
2299 11.1136566338
2300 17.6788373454
2301 7.02476972369
2302 6.97737952195
2303 13.4987511574
2304 16.8794344195
2305 12.8657074501
2306 13.4848243506
2307 12.705252083
2308 16.0908115934
2309 11.6221368215
2310 7.76423553496
2311 11.631054057
2312 9.90139207516
2313 10.362381405
2314 15.2278647214
2315 16.3851313102
2316 11.398943231
2317 7.17326936795
2318 6.68897237096
2319 21.1787781904
2320 7.42502845495
2321 5.89883644141
2322 8.62350984343
2323 15.7395194803
2324 7.76423553496
2325 13.8071643755
2326 16.3500853614
2327 10.7467710691
2328 7.47293287293
2329 11.1620377465
2330 8.95923625168
2331 7.78945685426
2332 10.1739910094
2333 9.31888095158
2334 5.92702224778
2335 12.139248517
2336 13.4297746423
2337 12.5033134569
2338 7.65924578208
2339 6.43255551745
2340 14.8804642819
2341 12.8975584944
2342 12.1765565339
2343 20.6242553675
2344 10.6831278274
2345 12.0058473691
2346 13.4077208814
2347 6.65522048531
2348 14.2677613025
2349 9.35085538004
2350 5.74679436126
2351 10.1137639734
2352 9.90278116324
2353 6.66875690154
2354 10.8925605667
2355 8.8323389802
2356 6.96079538081
2357 12.2305739902
2358 8.28175650104
2359 20.9977106783
2360 16.351885683
2361 16.6542593614
2362 15.6012684366
2363 12.406686442
2364 19.7597327064
2365 9.63512770519
2366 7.51273983846
2367 12.5091962061
2368 15.0648240658
2369 7.48004939397
2370 15.4121794856
2371 7.31635050201
2372 10.8631026361
2373 11.9646677593
2374 13.5781481307
2375 12.0144303262
2376 8.68867727798
2377 10.616196629
2378 9.49796784347
2379 9.28976096072
2380 18.4432806539
2381 12.798035113
2382 14.2944549908
2383 4.50797684366
2384 14.711073519
2385 5.15934246886
2386 6.95480412845
2387 10.7939312625
2388 10.5744488281
2389 8.14697370439
2390 8.24453531124
2391 10.0301059864
2392 10.9779761777
2393 13.3070096845
2394 8.85788831585
2395 13.7197242329
2396 8.69349536164
2397 11.3720931547
2398 11.2445826141
2399 6.27423164097
2400 11.6687188373
2401 6.45030214405
2402 18.8633000432
2403 7.37953467266
2404 11.5459067607
2405 12.1116762103
2406 10.9963582685
2407 12.8548738566
2408 4.90662851084
2409 7.17281560895
2410 9.70912742817
2411 6.8221727543
2412 7.58668956327
2413 10.4209975684
2414 11.5517497744
2415 9.57839032275
2416 7.63102966048
2417 7.37287721595
2418 10.4692530817
2419 12.7404192771
2420 14.676640278
2421 9.12393052143
2422 6.13844818681
2423 7.6851740924
2424 10.2151402154
2425 8.125659548
2426 10.4656020057
2427 9.10077138315
2428 8.95429254102
2429 8.40847682344
2430 10.7710042488
2431 8.74167260649
2432 8.84788558123
2433 7.93378736129
2434 10.3804469584
2435 8.46591237685
2436 9.55266554242
2437 8.61473534822
2438 9.82532150345
2439 6.67788411129
2440 8.54562143139
2441 8.61076080484
2442 6.77705163425
2443 8.76214914079
2444 7.61387178232
2445 9.63486042075
2446 8.09757076597
2447 12.1522497094
2448 8.34064710331
2449 12.3958726746
2450 15.723185487
2451 16.6247803675
2452 21.3867938411
2453 14.8413872833
2454 9.61898205367
2455 6.94972649249
2456 15.218730361
2457 6.55940988822
2458 6.94995534974
2459 15.3814640337
2460 13.0819906842
2461 16.0270103057
2462 15.1619057811
2463 14.8771422131
2464 12.5712739537
2465 10.040543656
2466 17.0117971853
2467 12.2364719598
2468 13.2710956907
2469 11.7409461718
2470 9.91996140785
2471 14.2846368812
2472 9.35299170571
2473 10.4879248859
2474 14.191565215
2475 12.9168848612
2476 21.7640977273
2477 12.5154636086
2478 17.5456133251
2479 12.9779304237
2480 16.7777171899
2481 12.1576746969
2482 16.5549346398
2483 17.7445529059
2484 18.4806171438
2485 8.91767526498
2486 20.0571451629
2487 9.4456579531
2488 14.0706909228
2489 14.7494577804
2490 8.91107477368
2491 9.0568822315
2492 29.1960737896
2493 8.1898521094
2494 6.87539045156
2495 18.3434255168
2496 12.3304351734
2497 15.2233442926
2498 9.57528372877
2499 12.4617433906
2500 9.97534984675
2501 16.6269035653
2502 12.9654831378
2503 17.6793767008
2504 9.67548981119
2505 12.1665791934
2506 13.0462552882
2507 5.74057151811
2508 11.3523569551
2509 7.9272367302
2510 8.06180892805
2511 13.8418722628
2512 16.0467822111
2513 9.1662881152
2514 12.6601336299
2515 9.8821103593
2516 10.3102740793
2517 15.8537331842
2518 17.745573944
2519 14.2734696386
2520 12.2342688386
2521 7.97790851502
2522 11.8266309695
2523 7.45552454466
2524 11.1376671963
2525 14.4003710286
2526 9.06854341488
2527 7.76542245728
2528 8.05733746293
2529 10.580167601
2530 8.02494069917
2531 7.77832993865
2532 13.7829208008
2533 11.5544322777
2534 10.3315647762
2535 16.7193552423
2536 9.02142871513
2537 11.6574331979
2538 8.86238734876
2539 11.4684746546
2540 9.60084337215
2541 5.11911357958
2542 14.1592049546
2543 13.2900343226
2544 9.88481263836
2545 10.4885371514
2546 13.2922792059
2547 16.3017099557
2548 11.5325111866
2549 11.1534188676
2550 11.8274452057
2551 6.19371743279
2552 12.6044278917
2553 9.80633015638
2554 14.0843607322
2555 13.6172150265
2556 8.16481345688
2557 9.72616316389
2558 8.4789316681
2559 4.2306284957
2560 17.9230679764
2561 11.843595675
2562 12.6406291398
2563 10.96247218
2564 8.5593524498
2565 7.52342450614
2566 10.4230882994
2567 14.6670632999
2568 8.77698831578
2569 10.6359117569
2570 11.16419229
2571 14.7050047313
2572 12.0720644434
2573 13.8589005855
2574 7.79788966504
2575 12.0573442983
2576 16.6988748664
2577 7.66578175669
2578 16.0142008123
2579 15.1597093658
2580 6.92991924468
2581 13.3138709292
2582 5.27389688687
2583 6.88230314203
2584 27.3018621063
2585 12.2558215664
2586 9.21522154351
2587 17.0832887558
2588 13.6363435601
2589 4.49750326445
2590 7.61234356036
2591 9.91690397101
2592 14.023997782
2593 9.2922606307
2594 8.11736527138
2595 16.8415159014
2596 15.0897419888
2597 9.90459918416
2598 8.13813552352
2599 10.198640765
2600 9.03856019543
2601 11.1054611638
2602 11.7352968569
2603 15.9772229131
2604 6.13795887606
2605 11.3298311823
2606 7.26636643965
2607 9.69510833418
2608 17.5932217542
2609 19.6918853785
2610 29.6955426452
2611 15.4525589195
2612 14.0165565947
2613 19.559829368
2614 13.4058562388
2615 11.0006663289
2616 12.7604525068
2617 4.50273833966
2618 8.46889129731
2619 10.533646978
2620 15.5967998845
2621 15.7315866564
2622 8.45740518687
2623 7.05708374762
2624 13.4975583811
2625 13.5100266944
2626 9.51414415493
2627 5.76707176088
2628 8.27564905958
2629 16.5416768207
2630 8.57460437568
2631 16.9353350935
2632 20.727678725
2633 18.9824555707
2634 10.5366712918
2635 10.3473481503
2636 18.6373075041
2637 15.7136763171
2638 6.07474296316
2639 13.6024787499
2640 11.2766921104
2641 9.3756554358
2642 9.47761396086
2643 13.6155840065
2644 13.1656329773
2645 20.9440601346
2646 14.9135224542
2647 16.85357095
2648 15.7136763171
2649 8.8637862562
2650 13.7201037315
2651 14.9008400425
2652 13.4127046114
2653 11.773668194
2654 13.4423139923
2655 12.0335352498
2656 12.1612563632
2657 8.37044825324
2658 11.540325039
2659 11.1322193242
2660 10.4945795084
2661 6.08305093401
2662 6.59902230865
2663 11.5627278589
2664 5.44096122285
2665 10.4862232659
2666 9.4698513799
2667 10.4834905411
2668 13.2495160106
2669 8.31025765704
2670 17.4662245343
2671 11.8970920758
2672 8.55404536348
2673 14.5387202908
2674 23.9534150907
2675 6.97493257121
2676 12.4565183295
2677 13.7754569453
2678 16.2939633404
2679 15.3836183183
2680 15.2975900704
2681 7.32516236046
2682 8.89155248106
2683 10.7663899055
2684 14.0310232134
2685 11.0621683556
2686 17.5648664614
2687 14.5480190857
2688 17.3218134705
2689 13.4562911564
2690 9.38386750491
2691 12.9814471102
2692 5.28474447567
2693 11.372652933
2694 15.8764290347
2695 5.70642774783
2696 12.1714120526
2697 4.96568320091
2698 7.71868428246
2699 16.3195978667
2700 14.4101041977
2701 8.19235134746
2702 12.0483770983
2703 9.370258794
2704 8.61525083008
2705 5.84611162191
2706 11.8540152443
2707 9.86928575643
2708 8.74476947605
2709 12.7490494117
2710 12.6754874837
2711 8.90661184445
2712 9.40047961057
2713 10.2827764678
2714 10.1441762516
2715 9.18772547896
2716 11.9493255975
2717 16.7501672668
2718 11.8505874443
2719 11.3948136107
2720 11.0038854861
2721 7.0255510868
2722 10.7869056548
2723 6.4054429628
2724 8.88600941485
2725 6.15596464275
2726 8.31229720121
2727 13.6062942811
2728 11.3847554506
2729 10.6240415982
2730 12.8491037322
2731 14.1017438674
2732 12.0520788967
2733 7.85482196734
2734 16.3556883964
2735 8.97880191875
2736 10.5867431005
2737 7.16944677235
2738 10.4746404035
2739 14.1533423291
2740 10.2340619534
2741 7.62501437126
2742 12.4330027757
2743 8.5425338535
2744 7.50173830668
2745 10.6779115483
2746 7.39322402382
2747 8.79887566212
2748 9.07944512565
2749 11.8703642858
2750 7.23769715735
2751 7.58351722822
2752 7.96679343524
2753 8.9301722172
2754 5.91382802256
2755 13.4428852148
2756 8.47432362341
2757 7.90651164287
2758 6.47006810264
2759 7.34703361564
2760 19.1011893796
2761 15.1902146061
2762 16.3394875081
2763 11.0645753774
2764 7.20037948416
2765 13.9107546217
2766 8.72277837589
2767 8.57759633411
2768 9.07386486269
2769 9.63385899703
2770 7.79040980129
2771 5.92096373114
2772 13.5843097795
2773 12.7835878841
2774 8.40019401519
2775 5.86009187253
2776 17.2643827193
2777 11.2140094048
2778 14.9814325446
2779 10.6213739729
2780 13.4791387019
2781 8.3326283771
2782 17.8401715683
2783 12.1095094499
2784 11.4250003023
2785 10.3263002414
2786 10.9080981732
2787 13.1265036616
2788 16.0057235767
2789 9.10404081952
2790 8.36109258016
2791 11.8894330565
2792 15.498193007
2793 8.84431456759
2794 12.8712324657
2795 12.2741488064
2796 16.088304366
2797 10.4118143413
2798 11.4206826441
2799 15.0054159967
2800 15.0142886586
2801 8.44912819352
2802 11.5003235447
2803 9.13865674021
2804 7.30050390986
2805 8.93619615247
2806 9.08401405264
2807 18.5849000216
2808 12.5673252822
2809 7.3562050471
2810 12.4351155885
2811 11.4083131152
2812 8.80318810697
2813 7.3656767959
2814 9.50955414216
2815 11.2757232265
2816 10.3977699155
2817 18.2935933984
2818 11.9358779873
2819 12.9893987793
2820 12.2419139349
2821 15.6187404952
2822 8.8079021854
2823 7.85018118789
2824 13.2109853422
2825 8.19892454204
2826 16.0942889658
2827 8.83540698243
2828 7.38036600227
2829 8.0078283452
2830 7.47216168374
2831 12.3415782249
2832 11.7230843514
2833 11.5324256915
2834 8.2486948498
2835 7.52560815265
2836 9.95964142059
2837 9.67990162728
2838 11.1148620648
2839 6.51564784946
2840 12.2131158254
2841 6.55288296249
2842 15.5177595359
2843 10.8318943028
2844 7.94135418642
2845 15.426021897
2846 11.5650025169
2847 7.93078254668
2848 11.1731781121
2849 10.1231305232
2850 13.0352927859
2851 8.74732314007
2852 9.38890469336
2853 8.6644893087
2854 8.86710311406
2855 8.08242696352
2856 6.73126209465
2857 10.2013196919
2858 15.5000730632
2859 11.0194311718
2860 10.6089885944
2861 5.00229921064
2862 11.6992516861
2863 15.4576777141
2864 8.93123975697
2865 18.3891842754
2866 12.7556458308
2867 9.28891222899
2868 8.55392775114
2869 14.0043051201
2870 9.37625277551
2871 11.8119493563
2872 11.8977668989
2873 9.85287922768
2874 14.8258532102
2875 13.1531457456
2876 8.88051450462
2877 6.72350266932
2878 10.7298221583
2879 9.08741839678
2880 15.2976796347
2881 9.3690101564
2882 5.52331518938
2883 10.9158354207
2884 9.41603683478
2885 9.58521555812
2886 7.83176834309
2887 9.53058034987
2888 15.7975724637
2889 13.4433549955
2890 12.8540538944
2891 11.7628736799
2892 8.14988643923
2893 21.7437668866
2894 9.03567617921
2895 9.60936362154
2896 9.71869704368
2897 26.9301650807
2898 28.9782860325
2899 11.6269352064
2900 5.59394502178
2901 7.12628396679
2902 23.3021487038
2903 17.8551829398
2904 12.9378555422
2905 8.50353031723
2906 7.4524745813
2907 9.33624315296
2908 9.25776769832
2909 7.28310211371
2910 7.68268159438
2911 14.6083230605
2912 13.3499685056
2913 11.0015520887
2914 12.4301486184
2915 8.99335668973
2916 6.16180953067
2917 9.06851700966
2918 6.06896414625
2919 7.9919705672
2920 6.06620636402
2921 11.666082837
2922 12.9248695564
2923 17.8927947416
2924 10.5244600191
2925 14.1274507641
2926 14.7801337647
2927 12.8261236045
2928 28.495266255
2929 6.24448076189
2930 10.2769817594
2931 12.5012024443
2932 8.97731675213
2933 10.7236051877
2934 9.75763400381
2935 13.5603006867
2936 5.48453388148
2937 11.4848707424
2938 12.7509262334
2939 16.7046412792
2940 10.4564809991
2941 19.9378519116
2942 35.5962834725
2943 6.35862529716
2944 25.100176775
2945 14.4685808683
2946 14.3359702026
2947 25.100176775
2948 35.5962834725
2949 22.3650695065
2950 9.30011568653
2951 13.5468080572
2952 7.67785076587
2953 7.24305799353
2954 11.4701355877
2955 19.8152990507
2956 5.55297859572
2957 9.39522776003
2958 9.80661104132
2959 13.4063876134
2960 7.15773897367
2961 9.3616581428
2962 9.05026926638
2963 20.0488137228
2964 11.4089050597
2965 12.1529089119
2966 12.4544630318
2967 9.8964879274
2968 7.12486572632
2969 8.51786281061
2970 5.09346766406
2971 7.10841613625
2972 12.8117862432
2973 10.116034943
2974 11.3805538536
2975 12.7565280357
2976 14.6994191078
2977 7.86006190981
2978 9.54888501425
2979 6.02007743426
2980 9.62250469976
2981 10.8331661412
2982 16.2973986941
2983 10.0402700928
2984 9.92231596242
2985 17.2040669235
2986 12.4028119264
2987 8.78254591963
2988 8.25071949074
2989 6.7080383027
2990 21.9979966477
2991 9.04424068684
2992 8.81967457539
2993 9.7492213851
2994 12.5379017632
2995 9.98363995172
2996 13.3202899545
2997 9.32376784443
2998 13.5530337583
2999 12.7809225849
3000 17.4479240024
3001 8.38398118678
3002 10.1691392852
3003 9.98223990207
3004 5.45746089046
3005 6.49482134129
3006 7.91685376616
3007 9.79602652273
3008 8.07509891462
3009 15.146879239
3010 8.4924714565
3011 6.29520226529
3012 18.2365119286
3013 18.0231623852
3014 20.658208572
3015 10.2605592369
3016 13.1770288898
3017 18.5048457018
3018 8.6152129217
3019 9.09026169304
3020 9.42704764877
3021 7.86021251575
3022 32.4553332255
3023 35.3124628166
3024 12.8833725587
3025 33.8691743382
3026 20.3577906128
3027 23.9243846346
3028 12.2434764203
3029 12.7694038265
3030 9.46613650994
3031 12.1372056792
3032 11.4418392412
3033 9.0946289262
3034 19.3590120531
3035 15.8553516744
3036 13.5089804449
3037 11.1276842778
3038 22.051502199
3039 19.3071062302
3040 15.3934836849
3041 13.3232457402
3042 8.13692717368
3043 8.21293251429
3044 10.6259456688
3045 16.1750242598
3046 12.7584574837
3047 6.41849610069
3048 13.6208119834
3049 8.08808677604
3050 12.9495003133
3051 8.50465433934
3052 15.6989231317
3053 13.9291144201
3054 12.4955437443
3055 9.45096825536
3056 7.854244425
3057 17.9911346387
3058 9.93054361088
3059 10.8612235278
3060 10.8900959411
3061 8.03856304442
3062 14.25223896
3063 11.5664537375
3064 13.0799877776
3065 11.1467300403
3066 11.1706187022
3067 20.0177953988
3068 7.41555837927
3069 20.2316730368
3070 9.99647333845
3071 12.3983839962
3072 11.4445920264
3073 14.4095129566
3074 9.76020299068
3075 9.30105869912
3076 17.8650232674
3077 7.70991842128
3078 10.7320613586
3079 12.789988469
3080 6.67457478963
3081 9.88237833678
3082 8.94940947633
3083 11.3315941294
3084 10.2114702593
3085 8.0678898339
3086 8.07532921847
3087 9.57336088232
3088 8.30872467991
3089 5.51239707931
3090 7.43545081131
3091 11.9553487233
3092 12.7770810071
3093 13.0615084888
3094 11.2000462143
3095 10.2652612546
3096 13.59141957
3097 10.6214613262
3098 9.6007307552
3099 11.3960132413
3100 7.75273664589
3101 13.6215576788
3102 9.54561463821
3103 11.4155372649
3104 8.08636653512
3105 14.7997421825
3106 8.09018936416
3107 12.1367335603
3108 7.06094580448
3109 13.291178351
3110 13.0552375641
3111 11.5591474351
3112 9.19514268116
3113 9.82150563401
3114 8.01279468993
3115 9.21989049227
3116 15.1856814693
3117 9.57600740919
3118 14.7996243407
3119 22.26668835
3120 15.7851391294
3121 10.4402711888
3122 9.62516141537
3123 8.74331321078
3124 10.1186014513
3125 14.0746090658
3126 12.4103095834
3127 13.1003015555
3128 14.7485692846
3129 16.9699347616
3130 13.9555632261
3131 7.12076607329
3132 12.4397703014
3133 19.862562585
3134 17.9258306363
3135 7.81679599222
3136 7.65769377282
3137 11.5667425216
3138 13.5466977299
3139 13.3748139119
3140 14.0599518952
3141 12.6438559014
3142 6.68081322725
3143 9.99895611548
3144 9.72994519257
3145 10.8943838668
3146 12.4631130045
3147 8.77022559662
3148 11.8160479362
3149 9.06477401164
3150 14.2245882002
3151 9.80242673923
3152 6.59855406867
3153 8.37255934502
3154 17.3599052566
3155 10.1546505363
3156 21.9640850535
3157 12.4621623907
3158 7.35463698261
3159 14.4458077187
3160 17.5358851508
3161 7.88353934952
3162 14.2542706028
3163 14.2705418158
3164 11.6032042576
3165 8.18865525149
3166 12.3768612299
3167 9.71285476531
3168 17.4502816274
3169 16.340937907
3170 7.47856787811
3171 24.5716804227
3172 12.6500925239
3173 12.550433162
3174 8.86323989942
3175 6.32155834787
3176 9.86956716471
3177 10.1406015545
3178 12.9512990859
3179 12.7554314565
3180 11.5004430063
3181 11.5398451575
3182 16.8537426319
3183 27.4852011797
3184 10.6766296487
3185 8.53108311233
3186 9.95224558196
3187 12.875936537
3188 7.06034339943
3189 9.07136412055
3190 7.57856881065
3191 11.6719952888
3192 9.67856048853
3193 11.3716349657
3194 13.1527563687
3195 14.2095813949
3196 14.0505598127
3197 15.9366798816
3198 9.13478134358
3199 10.9491777712
3200 16.1628164668
3201 14.0065120047
3202 9.2571465732
3203 13.0756940767
3204 10.2883263632
3205 8.54313800154
3206 12.1429026309
3207 11.3431247369
3208 7.22479274969
3209 7.14822176987
3210 11.8763225555
3211 8.93551200437
3212 9.96970755439
3213 11.6351982745
3214 10.5986530074
3215 7.20814262695
3216 10.2811983518
3217 8.86137180213
3218 7.11112107765
3219 6.40633356623
3220 9.8227326903
3221 11.2807271858
3222 18.1688174993
3223 10.3498104008
3224 16.9274981064
3225 8.47647528611
3226 9.55584089194
3227 7.96889861454
3228 10.6695413653
3229 10.1546693053
3230 8.33916297891
3231 3.89226692394
3232 6.88342735541
3233 10.2028316648
3234 10.4515888691
3235 11.4320051138
3236 5.93903907149
3237 10.3908477786
3238 7.72552157214
3239 8.62648925361
3240 10.8007338141
3241 9.77531964379
3242 7.27224235774
3243 12.9436936042
3244 8.45034694529
3245 12.2688073743
3246 16.7352756887
3247 7.65735167061
3248 11.4721788367
3249 8.56427360935
3250 8.84997281892
3251 10.6788360241
3252 9.42906924737
3253 11.4609117587
3254 9.60670797489
3255 9.8616771331
3256 9.42835687118
3257 6.96604003978
3258 8.64336841492
3259 6.84173290286
3260 13.0052056352
3261 11.6392347052
3262 10.3526902801
3263 13.0451229044
3264 4.8065859454
3265 7.07522618534
3266 13.9117985071
3267 16.1883949775
3268 8.38141954417
3269 9.70329840723
3270 7.82078771336
3271 11.8644595442
3272 12.5716541195
3273 11.8948260114
3274 6.54291652848
3275 14.8647194549
3276 9.27500539119
3277 11.9789238696
3278 10.040613494
3279 10.5398319171
3280 5.82659925734
3281 9.53730365832
3282 12.653003659
3283 10.6540903863
3284 9.79670961472
3285 9.23432150199
3286 11.2330629907
3287 12.4456375482
3288 11.2400081931
3289 7.47287732714
3290 9.58790670506
3291 9.96177821572
3292 8.55465486262
3293 10.8679376852
3294 8.5519035973
3295 15.152884204
3296 9.23457909576
3297 8.30536726047
3298 9.83677072638
3299 6.02338596111
3300 9.49795694889
3301 5.13006958114
3302 9.66115194718
3303 15.1529997073
3304 6.81340612341
3305 15.7407309802
3306 28.2680241382
3307 14.9724881843
3308 4.68391085665
3309 21.8393727961
3310 16.4691791911
3311 13.0313610092
3312 17.7253948724
3313 13.8674950313
3314 9.51518841321
3315 10.8099480624
3316 11.5218170697
3317 9.32257894929
3318 8.18166301185
3319 10.4406126512
3320 15.1362465319
3321 8.28294525773
3322 12.0351897929
3323 10.3149527059
3324 12.5287893394
3325 9.83533324562
3326 10.3381773767
3327 11.2820644203
3328 9.15995336121
3329 8.26562070077
3330 10.7261957863
3331 9.33884302165
3332 10.0937376448
3333 8.95763424675
3334 3.87650242852
3335 9.53917225413
3336 7.36257603042
3337 12.0826838696
3338 8.37520011534
3339 11.385958834
3340 7.91877591132
3341 7.00029444262
3342 13.4971426967
3343 13.4305517932
3344 11.5536053552
3345 8.07185654768
3346 14.529549958
3347 10.6247526435
3348 7.81903969271
3349 9.94917865656
3350 8.11301796243
3351 12.2276178377
3352 10.7122756918
3353 6.84212910444
3354 6.43879118888
3355 10.6037722464
3356 10.6117926112
3357 7.23110503143
3358 8.03691879797
3359 13.0991463579
3360 6.88296350904
3361 9.88577083037
3362 5.57149499962
3363 11.1218629986
3364 16.3652186985
3365 9.37227547531
3366 12.3327777051
3367 10.8116371188
3368 9.8570853002
3369 4.18721155613
3370 8.68735158005
3371 19.2156292712
3372 7.47947666087
3373 6.20616872019
3374 10.8449458936
3375 9.24036033919
3376 13.0308392834
3377 13.1760651162
3378 15.9249075876
3379 8.96175497803
3380 7.38305821513
3381 9.15321501944
3382 10.2147976273
3383 12.3519359396
3384 7.27514311111
3385 11.9135595426
3386 7.61215878698
3387 11.749016947
3388 18.8013664317
3389 9.55529230341
3390 6.4735443945
3391 11.8465172152
3392 6.48061028231
3393 14.9512617211
3394 14.5963954097
3395 8.98376383664
3396 6.86072883661
3397 9.05392853117
3398 6.04934663733
3399 9.62858417402
3400 8.79233736474
3401 7.53629082917
3402 8.70156457948
3403 11.6137364948
3404 11.7542974355
3405 12.7225177833
3406 9.16720313769
3407 9.0628217124
3408 6.20323625969
3409 19.7420441386
3410 14.5319087957
3411 8.7015443489
3412 9.4930374378
3413 8.28146317197
3414 13.9644637187
3415 23.5332184712
3416 11.1326924065
3417 15.8019473888
3418 10.4170679207
3419 9.33058963909
3420 8.19766585122
3421 13.1258652414
3422 12.6142688908
3423 13.1560167356
3424 14.5164727632
3425 8.1800334333
3426 10.6450860001
3427 8.54647647732
3428 9.00964051489
3429 8.99891911652
3430 6.56952759177
3431 12.164679604
3432 22.4189363433
3433 8.37946551084
3434 20.0240920468
3435 10.8603691387
3436 11.5858991135
3437 10.3900804931
3438 8.04708264881
3439 14.8408473007
3440 14.059393767
3441 8.90788769882
3442 11.7574229683
3443 10.7350895217
3444 18.2595733036
3445 11.7525755345
3446 11.1250389585
3447 6.66966454452
3448 12.7907087603
3449 11.573815336
3450 12.9545331508
3451 10.2659123769
3452 11.9545173898
3453 7.36444853722
3454 7.07643418959
3455 15.042306583
3456 8.39567047958
3457 12.0883675036
3458 8.86073392519
3459 8.92552944249
3460 9.1991415353
3461 16.0123921067
3462 12.1803988237
3463 15.1841924806
3464 11.4083351912
3465 15.2759940846
3466 10.2589208882
3467 6.95934920616
3468 9.5506622891
3469 11.7753463652
3470 12.7623160174
3471 7.3668129241
3472 12.4772957998
3473 11.5671893846
3474 8.40427072945
3475 9.23720040038
3476 12.4066712216
3477 6.76147503558
3478 10.0839702327
3479 9.25089599574
3480 14.1514323406
3481 17.8328818331
3482 12.4323396492
3483 9.39753808857
3484 7.55239766311
3485 16.1870450078
3486 7.22409064151
3487 10.3306162105
3488 10.7406558662
3489 10.5845923643
3490 9.83042149563
3491 12.856304581
3492 9.77470189713
3493 8.08275757246
3494 11.4435021614
3495 9.83591602669
3496 9.56434532257
3497 15.7679567075
3498 7.94832647505
3499 12.5130190356
3500 12.3090989454
3501 8.50560200983
3502 6.96221553871
3503 11.1224229663
3504 15.3458459148
3505 10.8439563676
3506 11.232329094
3507 6.08436797657
3508 10.0259097506
3509 9.26167465628
3510 8.87748125355
3511 11.2107443007
3512 8.44221844203
3513 7.875346919
3514 11.5130897935
3515 7.4568745464
3516 10.7762586003
3517 10.221448608
3518 15.4558451359
3519 13.2318400595
3520 11.9501475474
3521 9.07190955417
3522 7.90566504705
3523 11.5577814114
3524 8.8815590921
3525 9.03183242722
3526 11.6996445296
3527 8.34654595409
3528 7.86126864348
3529 14.6182810277
3530 16.7358349276
3531 7.54727286399
3532 12.8866874924
3533 11.1349424412
3534 11.4088766117
3535 6.42926671172
3536 10.4868966726
3537 9.8148647004
3538 14.8957984458
3539 6.93920854568
3540 9.47646202522
3541 16.7192493534
3542 8.30179061328
3543 10.80319499
3544 7.96905003354
3545 12.9493823661
3546 5.79252421962
3547 9.99345027092
3548 10.6065531108
3549 20.2099985957
3550 7.47220034514
3551 8.71663457396
3552 6.14294971306
3553 12.3357583065
3554 12.4826323057
3555 8.6359323627
3556 9.79879167953
3557 16.0745415761
3558 14.4752781305
3559 6.56865613321
3560 9.94739346893
3561 11.1109117799
3562 8.38510262327
3563 10.7481533968
3564 9.62334331547
3565 12.8835092349
3566 7.78443988703
3567 7.83805360235
3568 8.50813062372
3569 8.32493460986
3570 7.26602266289
3571 15.9815271135
3572 10.0282605543
3573 12.5494289505
3574 8.71536702805
3575 10.5520072376
3576 17.1706882934
3577 8.02441704275
3578 8.41065913717
3579 7.26962016334
3580 10.2642959395
3581 7.45540042142
3582 6.54520577586
3583 7.72106120456
3584 14.0877829346
3585 16.2292594959
3586 11.9658686128
3587 8.60598028619
3588 16.9504740012
3589 10.7185411787
3590 10.6444252244
3591 12.1658336508
3592 11.9166153682
3593 10.5114662942
3594 14.1916531274
3595 12.5969599314
3596 10.5589416361
3597 7.69408488538
3598 15.7049604218
3599 22.5007164879
3600 11.0249599204
3601 6.98069822918
3602 9.84337259306
3603 11.3879894305
3604 11.5756997478
3605 8.59468569554
3606 12.1751791912
3607 3.75058494824
3608 17.1374519112
3609 11.389760748
3610 12.9984150867
3611 10.6954977244
3612 10.6193365106
3613 14.0908692716
3614 10.2367267068
3615 5.39602998325
3616 10.4480278495
3617 11.0472802579
3618 12.7872669283
3619 9.92794811392
3620 6.25242226432
3621 8.7299200071
3622 9.28802721794
3623 12.3558874231
3624 4.65515860708
3625 13.1481335491
3626 8.29125232203
3627 15.364748742
3628 11.6921925362
3629 6.97061383901
3630 13.201917214
3631 13.4008112409
3632 6.66695844453
3633 8.52013946958
3634 6.93094077875
3635 7.65950300468
3636 13.322839056
3637 6.37623389559
3638 9.7346730645
3639 7.69424504647
3640 13.3665144896
3641 17.5283097399
3642 10.4555491343
3643 9.03964665955
3644 7.24703027323
3645 14.7591641797
3646 10.5120122385
3647 11.2485382264
3648 13.1789674577
3649 9.43482601359
3650 10.512819934
3651 7.67657960836
3652 8.66590359414
3653 13.5623074723
3654 8.58282552678
3655 10.2175586162
3656 12.078139106
3657 9.24605831415
3658 8.3052297908
3659 10.3374516033
3660 5.46403642395
3661 12.7963105486
3662 17.3628346979
3663 12.3767027959
3664 8.54940467679
3665 10.0840155942
3666 19.8705241537
3667 11.1785154196
3668 12.4516314669
3669 13.381135116
3670 14.6050949108
3671 17.7079091316
3672 10.3483974251
3673 16.2652231553
3674 20.8880570412
3675 9.01304907135
3676 11.6916672394
3677 12.9799650524
3678 14.2484875559
3679 21.3276870158
3680 17.1106123428
3681 9.47012062516
3682 7.1914593302
3683 12.2862153261
3684 11.359949701
3685 7.68385867477
3686 8.12005089405
3687 13.1462456856
3688 7.22549770507
3689 8.86068266689
3690 9.77182431812
3691 7.01955772987
3692 7.28787707126
3693 18.1650809398
3694 5.05759752378
3695 8.68921520498
3696 9.02848547036
3697 8.20336277757
3698 7.53754650077
3699 6.58993125328
3700 18.1067451326
3701 15.7682296039
3702 16.4158549631
3703 16.6947144695
3704 13.7661071033
3705 17.7853457314
3706 16.0954881257
3707 13.9219586088
3708 8.76735126649
3709 16.5827647537
3710 10.9086721409
3711 5.96249728815
3712 8.29376498523
3713 14.051968841
3714 6.91413230323
3715 8.04857815427
3716 10.0928431479
3717 10.0135959395
3718 15.962629595
3719 10.7358955329
3720 8.28494335482
3721 11.4945352638
3722 15.7829869997
3723 8.22993454178
3724 18.9799429913
3725 11.0417233654
3726 20.6612714814
3727 10.4809880167
3728 8.12346509952
3729 16.5097052346
3730 10.4047587796
3731 11.6560339944
3732 12.884920688
3733 5.93338633271
3734 8.61711386642
3735 8.35696270576
3736 9.33363743782
3737 9.12047747211
3738 11.8293255938
3739 14.5883825028
3740 11.1149283823
3741 11.1792057419
3742 12.6889464394
3743 13.3861309296
3744 6.10346256779
3745 11.0659369156
3746 12.9016511653
3747 14.4592021228
3748 9.66503849851
3749 7.14645555589
3750 11.110621624
3751 9.45794269376
3752 11.8388914241
3753 9.34468125473
3754 8.96478551137
3755 13.2248098264
3756 8.80997353853
3757 15.2026445576
3758 9.22612763305
3759 13.6858495118
3760 9.5688701094
3761 9.97735427547
3762 7.19372623268
3763 9.20473265276
3764 8.23038850558
3765 12.6003075861
3766 11.3112051253
3767 8.22835783529
3768 6.57531102565
3769 6.79707631798
3770 13.5653195411
3771 5.81056559601
3772 12.2417844381
3773 8.8281297934
3774 13.9511264426
3775 11.9425119198
3776 5.47005043633
3777 7.00259994076
3778 8.22289209993
3779 4.9752793892
3780 7.06845870717
3781 6.7494001626
3782 22.1345791979
3783 9.34412395397
3784 10.8110941803
3785 6.98025205799
3786 10.0925610374
3787 12.1037949521
3788 23.759879231
3789 8.81728065195
3790 15.3439438789
3791 10.1503114988
3792 7.42588797111
3793 8.69153788789
3794 10.4304789034
3795 7.63886564203
3796 7.12340505864
3797 8.21913943843
3798 11.0149376031
3799 10.4855769921
3800 10.0737497809
3801 10.3865408299
3802 7.6213653026
3803 8.08669414767
3804 7.33128001274
3805 10.7711145961
3806 10.7978476566
3807 8.76261009134
3808 11.7905552204
3809 6.82709127416
3810 11.1274668628
3811 8.07077196972
3812 10.8138227884
3813 12.4310050506
3814 15.2724243976
3815 11.364016941
3816 8.50360816181
3817 8.43844573336
3818 8.50380095352
3819 13.6683440917
3820 7.61773719257
3821 13.5868715459
3822 11.2711437903
3823 8.36577842709
3824 5.42353341102
3825 10.4951739634
3826 16.9715126364
3827 14.6519494934
3828 8.53560446323
3829 11.2506667154
3830 7.06156891153
3831 16.9319591494
3832 4.36372911452
3833 6.24215694257
3834 5.93314057051
3835 8.92138808148
3836 10.5403800815
3837 11.3528892039
3838 9.26555182539
3839 12.2483275967
3840 10.738165528
3841 7.58294193348
3842 9.8138578087
3843 7.07988891852
3844 11.2840507287
3845 18.8076105883
3846 10.8613296894
3847 10.7125121107
3848 9.38437003922
3849 9.01599835386
3850 10.1680558176
3851 9.81974569263
3852 7.51821270075
3853 13.1490429177
3854 8.74975158585
3855 8.07655650513
3856 10.0350231817
3857 8.14636786315
3858 4.3091136706
3859 10.3789016134
3860 6.92219774224
3861 7.69474165725
3862 12.2694191527
3863 11.5681227867
3864 10.2134201105
3865 13.7027775319
3866 9.52389557903
3867 6.33008465817
3868 8.28924973767
3869 14.7404934757
3870 9.6960825046
3871 14.4903914608
3872 6.65600981994
3873 11.0529034547
3874 5.83916161789
3875 5.68917847342
3876 13.0922131639
3877 7.39131420089
3878 5.65373409465
3879 5.76412484854
3880 14.2112945228
3881 7.2529970195
3882 10.9956737813
3883 9.38378369534
3884 16.2555901853
3885 11.0178255647
3886 10.6065531108
3887 20.2099985957
3888 13.1903831004
3889 6.71622264117
3890 7.39555831467
3891 16.790628808
3892 13.0194513732
3893 15.5457755472
3894 14.5147873194
3895 9.80828276144
3896 9.62443888028
3897 9.02429841973
3898 11.8555542508
3899 7.19087663067
3900 12.2771201876
3901 13.0897867366
3902 12.3827531565
3903 9.4086802506
3904 11.5839712321
3905 11.1345079772
3906 4.47811073185
3907 8.40331776401
3908 10.9066958271
3909 5.22207194681
3910 13.086497801
3911 15.1167047579
3912 9.57533508182
3913 12.016268401
3914 11.4493343843
3915 10.9998693964
3916 6.51387639459
3917 17.7180875582
3918 13.3524548031
3919 8.50192778684
3920 10.6156951878
3921 6.87166419808
3922 14.5895463192
3923 11.9183569264
3924 16.7777683034
3925 10.8523388927
3926 9.03881794188
3927 10.0715925754
3928 7.95117427294
3929 11.0160465036
3930 12.8152094228
3931 10.5048208577
3932 9.91660621069
3933 9.71152838249
3934 10.4981431368
3935 11.8982558739
3936 11.6825337364
3937 12.1942113967
3938 9.35552815428
3939 8.13134249805
3940 11.5619263352
3941 13.7328999433
3942 10.4914686393
3943 8.37185754621
3944 7.53586942618
3945 11.9077929526
3946 13.521381945
3947 4.00825430076
3948 11.6778157164
3949 8.94714887971
3950 13.709635087
3951 12.2915824771
3952 8.62548020965
3953 9.61622285283
3954 7.33860641934
3955 14.2412116256
3956 11.3431390546
3957 12.3330847668
3958 15.3946572855
3959 11.9148215737
3960 8.47044488119
3961 11.0795947047
3962 7.08910575174
3963 21.066345671
3964 6.06354063917
3965 7.68034406605
3966 9.29424517215
3967 7.27957895604
3968 8.00208223274
3969 26.2983690182
3970 13.1885688785
3971 8.66682176989
3972 12.2398005468
3973 9.6217019318
3974 10.0257918723
3975 6.93093735663
3976 8.72599981483
3977 16.2134734572
3978 10.4821254136
3979 9.55559310829
3980 7.61934076332
3981 5.67618577472
3982 14.8652295752
3983 8.18284271906
3984 16.9640084138
3985 13.9871959662
3986 9.52040512203
3987 10.4763382815
3988 9.74258902441
3989 10.2451670719
3990 12.243854865
3991 7.56274006216
3992 5.85157236629
3993 9.46097173645
3994 7.43049147233
3995 13.0750626392
3996 8.73608962221
3997 13.395459255
3998 12.4022140585
3999 8.82510132997
4000 9.42062284043
4001 11.183275042
4002 12.6696433596
4003 8.87142155346
4004 9.04849111886
4005 11.5842320719
4006 19.9079901802
4007 8.08071864145
4008 5.64066021185
4009 10.4690198212
4010 9.7375444514
4011 8.84741427383
4012 15.4749585083
4013 13.7995737045
4014 8.14424582389
4015 14.0586044753
4016 18.7748311968
4017 14.5396693315
4018 9.52531893116
4019 15.5784056445
4020 8.22475946669
4021 11.2269782633
4022 14.7748153563
4023 9.58821389761
4024 14.7227143013
4025 7.77659870054
4026 12.4263556424
4027 9.11400226681
4028 8.02994834809
4029 10.0773007813
4030 7.27047126539
4031 9.91280920487
4032 9.71055719318
4033 12.2149946549
4034 13.8999210213
4035 6.84329635775
4036 19.814076831
4037 21.9804059982
4038 11.6868807317
4039 9.41807345387
4040 12.3215362789
4041 11.1408499617
4042 7.95396702146
4043 9.91136908111
4044 12.1631840983
4045 10.8299174383
4046 9.5845949661
4047 10.7842589591
4048 11.4055436256
4049 10.2818270766
4050 14.4909584585
4051 11.4392296834
4052 10.6961876328
4053 8.08143619117
4054 12.3299424357
4055 16.1492473454
4056 12.0412570168
4057 9.98768295306
4058 10.3605568492
4059 9.47399390936
4060 9.34500279494
4061 7.34019499888
4062 9.41849177021
4063 8.40443001012
4064 25.8379780193
4065 18.4686551365
4066 11.9121784059
4067 15.3406261068
4068 17.8083486476
4069 12.3108238454
4070 13.152607968
4071 20.59363267
4072 11.9652702058
4073 9.51459881125
4074 20.6131520736
4075 6.88315020611
4076 15.2760385664
4077 6.05456448793
4078 15.7942576683
4079 11.3900396702
4080 14.1426033777
4081 12.9421749321
4082 11.7078615399
4083 11.681256488
4084 9.86468060361
4085 10.831343018
4086 17.7986549529
4087 13.1214082805
4088 14.610250423
4089 14.971781744
4090 14.4764414177
4091 12.1460543662
4092 14.5805072458
4093 17.8129575501
4094 18.6006243882
4095 12.6972274989
4096 9.94025129361
4097 17.955616679
4098 10.4608541306
4099 5.01130727598
4100 8.14895823991
4101 8.16035953657
4102 14.758987835
4103 11.0256411712
4104 13.1302868137
4105 15.0805910226
4106 10.7453418819
4107 27.3091264857
4108 9.0358229706
4109 11.6455000785
4110 27.1291320405
4111 14.8861919765
4112 16.7315489651
4113 19.351623574
4114 9.19953001574
4115 8.17713453932
4116 12.8723503312
4117 9.45247418499
4118 8.74707980737
4119 13.0301402007
4120 10.4240495127
4121 8.46757717868
4122 13.4504444967
4123 12.0601231442
4124 14.02369708
4125 9.9136967011
4126 19.8560009062
4127 12.0294471021
4128 8.4003681175
4129 12.810560048
4130 9.84738701028
4131 13.8054250234
4132 9.98949665655
4133 11.5051351341
4134 10.8995130047
4135 12.3990706057
4136 16.1280520036
4137 8.55535336097
4138 19.6070827178
4139 10.392759504
4140 13.8514904021
4141 13.9434003726
4142 11.8162805035
4143 7.56266554125
4144 10.1505218449
4145 8.62231401848
4146 5.71065618266
4147 13.8202741733
4148 9.10795825407
4149 12.5665267378
4150 15.1146022255
4151 9.53324074698
4152 10.8008244913
4153 12.93105141
4154 13.2511051135
4155 12.6577241601
4156 12.4564748508
4157 10.0777356761
4158 7.99336384632
4159 8.86298550527
4160 7.4914532384
4161 8.8575189499
4162 12.6720729143
4163 11.9371566416
4164 13.1353784812
4165 11.3021812189
4166 10.877751742
4167 18.7916398301
4168 8.37600157115
4169 7.59505589699
4170 14.062379816
4171 10.9798726702
4172 12.8918502237
4173 12.882152466
4174 12.1916516939
4175 9.83945865372
4176 6.41987726473
4177 11.247626035
4178 5.8332592201
4179 18.0112464484
4180 10.4544692083
4181 6.22167490127
4182 9.98504598971
4183 6.48155558674
4184 9.79811832807
4185 11.4014585594
4186 11.7040333091
4187 16.9573252761
4188 8.34614203468
4189 10.0811473594
4190 9.48857703381
4191 10.6086913068
4192 7.23046911332
4193 7.59445377226
4194 10.1366171238
4195 8.77608230183
4196 9.24131458351
4197 9.52853475812
4198 21.4221012565
4199 12.1001248381
4200 13.1533073586
4201 20.7552443009
4202 9.00644836992
4203 10.1737305353
4204 9.11063008248
4205 16.6533435537
4206 12.282074553
4207 10.9952939193
4208 17.4986986384
4209 8.7565913171
4210 15.115842993
4211 6.66060799137
4212 8.24467809887
4213 12.484023402
4214 8.65673594555
4215 7.94451609268
4216 13.9555480552
4217 10.8074111828
4218 11.8563842949
4219 16.9135475304
4220 18.5035789725
4221 10.5397607577
4222 8.50518104005
4223 16.0153142867
4224 9.86983690654
4225 12.5640837201
4226 6.99283215875
4227 8.84149343347
4228 11.8178386562
4229 11.199849565
4230 13.1451240868
4231 11.5477707504
4232 16.557815614
4233 9.09504016961
4234 13.5916236598
4235 7.5572508351
4236 14.0397935018
4237 9.73391677524
4238 11.4135070645
4239 9.86047778449
4240 10.0235937261
4241 12.5413529158
4242 14.4933767281
4243 9.25577844883
4244 11.0865732326
4245 7.82919602249
4246 13.8414660288
4247 12.4144249853
4248 9.46749105312
4249 10.1231081516
4250 10.5240814916
4251 15.6112183837
4252 11.9164647616
4253 12.5263759081
4254 22.8138988518
4255 7.10747234981
4256 14.474402249
4257 11.5585605307
4258 14.7278630779
4259 16.0399060377
4260 14.876004075
4261 16.2069902312
4262 10.2968699105
4263 15.0367341137
4264 11.1642364237
4265 15.1948943512
4266 8.28394451935
4267 14.6787254717
4268 23.2936399308
4269 13.2212275147
4270 10.1071512225
4271 9.36128308454
4272 9.67195795429
4273 12.2259174518
4274 9.21049143495
4275 9.85218536286
4276 14.5421445017
4277 12.921308654
4278 7.65416404781
4279 7.80295627266
4280 12.4352495098
4281 14.9449156162
4282 11.7156547972
4283 10.5975750485
4284 12.6566554834
4285 13.4250723398
4286 11.1005598027
4287 11.411920772
4288 11.5398889755
4289 8.61223602433
4290 11.599412089
4291 7.71724740808
4292 16.7667694401
4293 11.3243444259
4294 8.51890157857
4295 15.5158594844
4296 11.9263936287
4297 17.1788338773
4298 16.0942067287
4299 10.6973111655
4300 7.57802092843
4301 11.8492230509
4302 12.4849899894
4303 15.7911625159
4304 14.0187785729
4305 9.65232554641
4306 13.9108658162
4307 24.8160322216
4308 15.993356442
4309 13.6557879327
4310 15.0747122683
4311 12.6320676248
4312 14.2264328309
4313 22.3785590469
4314 18.5194703245
4315 7.54152541182
4316 32.144813089
4317 12.3492279924
4318 10.3263471981
4319 10.8069869475
4320 10.8617210212
4321 12.834764561
4322 8.56127912654
4323 9.1955400659
4324 10.4832253167
4325 16.9725486454
4326 8.28825301805
4327 8.29261630756
4328 6.80782396199
4329 7.58443137206
4330 17.8238185948
4331 7.51139402745
4332 14.4725213079
4333 9.43637690393
4334 8.14254666995
4335 10.1490594409
4336 16.202080366
4337 11.973677829
4338 9.00950080493
4339 8.5756817485
4340 9.85166096985
4341 8.71622139959
4342 11.5961462539
4343 9.83224246108
4344 12.907586534
4345 12.5327356398
4346 7.81419041251
4347 6.02126318806
4348 10.7942902957
4349 14.4343574929
4350 12.6262168455
4351 8.76527810961
4352 8.73041276852
4353 12.9088415863
4354 9.28380433739
4355 10.2091165519
4356 11.633261544
4357 10.200405212
4358 6.84586697271
4359 8.59307370388
4360 10.3606928661
4361 9.76300913077
4362 17.7563583094
4363 10.0602581788
4364 16.627619924
4365 12.2725911045
4366 9.66884801648
4367 14.6814279155
4368 17.7449302608
4369 16.5651557024
4370 12.4034768139
4371 15.5770295278
4372 12.031697035
4373 11.3496605045
4374 12.4978230127
4375 14.2297959549
4376 7.68233670347
4377 12.2253748432
4378 13.3161139565
4379 9.2469203163
4380 11.7689139214
4381 9.40544113328
4382 14.9834016564
4383 10.0203033467
4384 10.1064881507
4385 10.000346184
4386 18.0340935635
4387 10.9218505116
4388 15.6017406924
4389 6.38895294859
4390 10.084310005
4391 16.7471518677
4392 15.2024784124
4393 5.98687876259
4394 7.65605796318
4395 11.5900001211
4396 10.2576031867
4397 9.35152583862
4398 7.8507505138
4399 7.5166913205
4400 9.49720287671
4401 10.3198550307
4402 8.49314252931
4403 12.5572376824
4404 14.0643269671
4405 14.0419479672
4406 9.53412537108
4407 12.4509038686
4408 27.4152074916
4409 6.81173630544
4410 8.73843981138
4411 6.61087346835
4412 16.1628900477
4413 13.143389009
4414 16.1094897169
4415 11.0279008597
4416 14.4116647319
4417 13.1061523282
4418 8.67544504849
4419 8.05037334781
4420 3.99584763724
4421 6.19848157976
4422 7.51813590064
4423 7.77650633024
4424 10.1219314464
4425 7.42251320015
4426 12.0717179572
4427 11.3445327197
4428 10.8377883112
4429 10.1626557839
4430 8.07460909144
4431 10.8708294626
4432 8.74617244373
4433 6.63514178603
4434 9.21896849048
4435 11.7015098858
4436 5.96652152884
4437 10.5314096271
4438 6.32482684102
4439 10.4135109593
4440 8.75362973534
4441 13.0613053328
4442 12.7295485914
4443 17.7650871528
4444 13.9595402148
4445 5.36445852485
4446 14.2108890639
4447 8.53212143267
4448 5.07367041393
4449 8.2375330933
4450 11.974222863
4451 17.5897958306
4452 13.5731737833
4453 10.0315567864
4454 10.8050615665
4455 10.6604803644
4456 20.4999497241
4457 9.41077447113
4458 11.967219981
4459 7.47574819737
4460 9.15888836356
4461 4.97621473877
4462 9.85768354229
4463 12.2805418365
4464 13.4864294292
4465 5.53478398941
4466 16.079606678
4467 10.5729041215
4468 6.14808441158
4469 7.31301355433
4470 6.95312380265
4471 9.44669078926
4472 8.52222596878
4473 7.61297556135
4474 6.04518204553
4475 12.3722565172
4476 9.50883922293
4477 7.74364762508
4478 9.24609020616
4479 7.3624173004
4480 7.82510274792
4481 10.1128976522
4482 13.38714503
4483 27.2359986671
4484 5.53688643888
4485 11.8043289218
4486 13.43940878
4487 11.6651864716
4488 6.85185831392
4489 8.95266089541
4490 9.7638554042
4491 12.8195011146
4492 19.3880865624
4493 17.0490509428
4494 18.6269815679
4495 14.7373508868
4496 8.26979446237
4497 18.8634788523
4498 7.7184161198
4499 10.637823421
4500 18.1163726049
4501 18.8484790758
4502 12.4484550563
4503 12.6181909711
4504 6.73790064143
4505 11.1046931109
4506 8.38673607746
4507 15.7834871252
4508 11.4305564178
4509 8.49205439686
4510 7.72938066592
4511 13.9697125012
4512 19.7525828908
4513 17.4551084835
4514 14.7986697278
4515 12.786758554
4516 12.5670605806
4517 17.1364864967
4518 23.1150037718
4519 20.6512816019
4520 14.0348679675
4521 10.5809894025
4522 13.069769825
4523 16.7010236969
4524 17.7017707906
4525 17.2700473808
4526 6.43033289022
4527 7.74490833745
4528 16.0755069866
4529 15.8366390624
4530 9.1857543845
4531 11.4545288071
4532 13.8592233161
4533 9.23000163654
4534 11.9593162616
4535 15.2471640496
4536 12.8506869683
4537 11.7443564332
4538 11.6725923897
4539 13.1358202674
4540 11.2945689833
4541 6.97044605746
4542 14.1848303102
4543 14.067575008
4544 8.43449874136
4545 11.2070517672
4546 10.8776529077
4547 15.6504336946
4548 11.4984122222
4549 8.64023473482
4550 17.0765442834
4551 10.7581154699
4552 10.5941058424
4553 26.8100865757
4554 15.3502751023
4555 9.30749100054
4556 17.8697070035
4557 14.4865965289
4558 9.78448325563
4559 16.3071247063
4560 12.4826769125
4561 14.4145928854
4562 9.11026317734
4563 17.4820632139
4564 16.4712978881
4565 16.3877295194
4566 13.9588813932
4567 7.26573581836
4568 13.1707655579
4569 13.4066688885
4570 12.8335584246
4571 14.8935166795
4572 24.7442023259
4573 18.7145645679
4574 20.2473083514
4575 12.6743158782
4576 13.8079130718
4577 13.5306246325
4578 11.3002881549
4579 15.4091565499
4580 14.6100828636
4581 16.9944376522
4582 18.2335337713
4583 28.2205380842
4584 18.908405735
4585 13.0779589322
4586 10.4394353203
4587 7.82219891475
4588 17.736751437
4589 18.5477751526
4590 11.6502656582
4591 9.0631821839
4592 9.72854977122
4593 12.2072096411
4594 13.3416556807
4595 10.9685935511
4596 7.86977879626
4597 11.8830980533
4598 11.083529538
4599 7.03094075641
4600 12.9672577719
4601 19.2389929822
4602 9.33340474153
4603 23.4519594546
4604 12.8101400933
4605 15.1725445815
4606 15.2142340228
4607 11.9627401572
4608 7.29008585341
4609 13.2468209791
4610 8.09038658788
4611 11.2718755814
4612 11.8875769756
4613 9.92234315044
4614 9.42517894492
4615 17.614181899
4616 10.0402449702
4617 8.50949556879
4618 12.0127648677
4619 8.12939156602
4620 9.67838357606
4621 7.22031872851
4622 9.49850612285
4623 6.9187303832
4624 8.26921581207
4625 11.676255748
4626 7.8231172276
4627 7.6865741177
4628 12.2703241658
4629 6.28691112498
4630 9.76987087435
4631 11.8620517786
4632 13.3398364657
4633 12.5224411462
4634 10.0976590991
4635 9.54187626143
4636 12.4872281996
4637 10.6635855536
4638 9.96947155134
4639 8.98573010319
4640 11.038900292
4641 8.74617244373
4642 6.63514178603
4643 9.21896849048
4644 12.1500900299
4645 7.99786754193
4646 8.92478141831
4647 10.6407677892
4648 8.37895947226
4649 15.2429960544
4650 10.6045121487
4651 8.1125869933
4652 5.98796771117
4653 7.87993959152
4654 8.65052702749
4655 13.8784698688
4656 16.3658266583
4657 3.51361302807
4658 13.4118106462
4659 7.14500853035
4660 9.286521748
4661 19.9092225378
4662 14.7067198754
4663 6.4582285609
4664 7.19567465891
4665 10.3211654666
4666 15.6465201252
4667 15.5550616627
4668 20.3406796289
4669 11.9340452613
4670 7.9054122944
4671 10.1838048009
4672 15.5409996447
4673 5.01447307763
4674 9.75370692523
4675 8.24870130322
4676 11.5592389089
4677 8.96091125552
4678 8.58195503174
4679 8.14812377984
4680 18.7641450773
4681 8.82438989798
4682 6.11091337428
4683 7.74985101268
4684 9.52202772351
4685 16.6294462619
4686 9.01069310238
4687 8.91096718438
4688 18.9798355789
4689 9.23816205778
4690 12.4140795121
4691 12.9875947511
4692 7.45922008454
4693 9.5406982986
4694 11.3030318475
4695 8.20245243618
4696 14.771679208
4697 11.5316839331
4698 7.01921466606
4699 10.8179531345
4700 8.04013327438
4701 16.3036285297
4702 9.99642385892
4703 11.4437903866
4704 12.9999536022
4705 8.0475040172
4706 11.0217345113
4707 10.2500560853
4708 17.579847136
4709 18.8353694326
4710 15.8506532169
4711 8.0178808875
4712 7.86098406027
4713 7.59757121851
4714 13.4074381917
4715 10.3448623135
4716 8.83505095173
4717 13.672132688
4718 9.76361326293
4719 16.1562282551
4720 9.87792939553
4721 9.31221409791
4722 8.95524073031
4723 14.2382972377
4724 9.14274732866
4725 15.2172132863
4726 9.3911138095
4727 7.87136066572
4728 7.27678069332
4729 10.0521532916
4730 9.16414017841
4731 12.8405501886
4732 14.8744676007
4733 8.54158093673
4734 12.2969448478
4735 6.06461393322
4736 9.51113887952
4737 10.6608920575
4738 11.9279582883
4739 11.7549630316
4740 14.9391152141
4741 12.8468315724
4742 11.179818681
4743 6.02493530452
4744 15.409595348
4745 7.40994694212
4746 11.7060701066
4747 12.2848405373
4748 12.0672378432
4749 10.3387863472
4750 14.6579137213
4751 9.42974183492
4752 6.48030808938
4753 5.05377518158
4754 14.3621538946
4755 12.1177045025
4756 12.4768586431
4757 10.7235710053
4758 12.452705816
4759 11.4370544159
4760 9.84059253569
4761 7.87756015507
4762 13.7581592611
4763 11.6446185341
4764 10.5398564589
4765 7.73652663027
4766 15.1655545545
4767 11.4413112821
4768 9.1554641972
4769 11.6601768009
4770 8.17031860272
4771 11.4627138632
4772 23.4252430329
4773 19.9713893529
4774 14.3537969343
4775 21.6521075469
4776 18.8108000283
4777 24.0138213374
4778 18.4314721679
4779 19.3062320739
4780 16.1860864085
4781 14.5299726712
4782 14.2098535731
4783 14.2801920239
4784 16.2525326982
4785 21.3934255952
4786 18.9673630842
4787 11.7693009558
4788 14.3333988604
4789 13.5116809028
4790 9.01346146504
4791 13.9872475392
4792 20.2093462288
4793 11.8796993177
4794 20.0057419578
4795 16.3427212415
4796 10.5870652879
4797 12.8878933604
4798 15.3514057909
4799 19.1736939328
4800 13.7398269456
4801 12.4473049153
4802 9.82035016472
4803 11.198426715
4804 16.0689311652
4805 7.03006645407
4806 8.72480895955
4807 9.78776007627
4808 16.1135451409
4809 12.5764913692
4810 7.47263977505
4811 12.9675140376
4812 10.2195781847
4813 10.2385293364
4814 11.1487357137
4815 8.55815097279
4816 24.7491467898
4817 16.1316825177
4818 13.366069627
4819 11.7106460497
4820 12.7927005988
4821 15.7582445301
4822 11.8161920323
4823 20.2282982561
4824 14.5590467123
4825 9.02349194121
4826 10.8510357227
4827 10.4656299743
4828 6.90706709304
4829 16.674463444
4830 9.58657806528
4831 9.55031791984
4832 10.7332324581
4833 16.1568805445
4834 17.6339719051
4835 11.4215299367
4836 8.88211690779
4837 8.20523068074
4838 18.3042532448
4839 11.8897279419
4840 11.5812727802
4841 11.2010191729
4842 9.16652067932
4843 16.9007087269
4844 20.2908624051
4845 11.7957370179
4846 12.2270048487
4847 17.8609955856
4848 14.0449237946
4849 12.6193870203
4850 10.7651915398
4851 13.0946712838
4852 7.27337022141
4853 11.9842868139
4854 8.63463244918
4855 9.52049104817
4856 9.54981524442
4857 11.5356452889
4858 12.2549853745
4859 7.8943972146
4860 11.3842518277
4861 15.4402677196
4862 6.84841584723
4863 10.4876041321
4864 8.07371360707
4865 11.5753066179
4866 12.8281950833
4867 6.18320086731
4868 7.67787087145
4869 6.85053751301
4870 13.9175617727
4871 6.47494725381
4872 7.40996064244
4873 8.57266099581
4874 11.3907460647
4875 16.2814448538
4876 13.1243984871
4877 10.6563834708
4878 9.18492022934
4879 11.5208018986
4880 12.5708597454
4881 11.3441638472
4882 9.49603002824
4883 7.64016803871
4884 17.2844490345
4885 11.3757286321
4886 9.8338049366
4887 10.8418208406
4888 10.8682507723
4889 9.92401381835
4890 21.3458030787
4891 10.7300284118
4892 11.9338082141
4893 11.5555972459
4894 8.60212564605
4895 10.7556406764
4896 9.44278415412
4897 15.0598836124
4898 6.00314601162
4899 12.374908599
4900 8.41798685029
4901 7.80225322433
4902 11.2839553539
4903 10.4110684141
4904 13.4055855635
4905 5.24516020371
4906 13.360034948
4907 4.91195057198
4908 11.6256392915
4909 12.3165710174
4910 16.6585055665
4911 15.6243996713
4912 8.58270507976
4913 12.5577984854
4914 13.1595287749
4915 11.4364784443
4916 8.20648492067
4917 22.5892575905
4918 10.5317927941
4919 11.5538503837
4920 15.5302509178
4921 8.77597357807
4922 9.14633255055
4923 16.1411294573
4924 8.13160271278
4925 5.93868316768
4926 12.918199202
4927 13.9174011343
4928 12.225266705
4929 17.9897392523
4930 18.3178734893
4931 6.86546797034
4932 14.4002016499
4933 10.1057906106
4934 8.55212894573
4935 15.0850845108
4936 10.7721429451
4937 13.8419185135
4938 10.9038695988
4939 14.0370063478
4940 8.55888618474
4941 7.35163436247
4942 8.93728685871
4943 9.80707740202
4944 19.0751098584
4945 11.4677221385
4946 8.56048094011
4947 8.17476410942
4948 10.2619321066
4949 16.3167887575
4950 13.1379380314
4951 18.5384462972
4952 12.9068833329
4953 17.3416540395
4954 10.3209576093
4955 7.04726883581
4956 8.71295176428
4957 7.48415812493
4958 11.8111230051
4959 13.203019757
4960 8.83305754478
4961 10.4642527572
4962 10.5356854509
4963 10.7434713738
4964 10.3510694224
4965 14.0092311234
4966 11.0964887207
4967 8.84962880526
4968 14.5163121603
4969 10.9080879784
4970 15.7659088713
4971 10.7241658868
4972 15.0935299409
4973 15.5427259942
4974 7.35984185644
4975 7.81146560059
4976 13.5753373155
4977 15.5954169641
4978 11.906571014
4979 11.8840954276
4980 16.1011507632
4981 15.0749304902
4982 8.21324017911
4983 12.932882817
4984 13.2383635594
4985 14.9520867206
4986 8.57614329742
4987 7.67253362464
4988 5.59851396925
4989 13.8095759613
4990 10.8576866857
4991 7.6409249418
4992 7.9463597679
4993 13.6499645308
4994 9.51556228286
4995 8.47312730522
4996 14.2836272692
4997 15.4230119869
4998 15.0121853315
4999 15.5632417409
5000 17.2877001049
5001 0.51389034694
